0 1.19296e-05
10000 -1.6855e-05
20000 5.06997e-05
30000 1.12743e-05
40000 -2.32358e-05
50000 0
60000 -2.85721e-05
70000 3.39007e-05
80000 3.4132e-05
90000 -8.65484e-05
100000 5.84139e-05
110000 -1.43737e-05
120000 -1.86659e-05
130000 2.06062e-05
140000 -2.31978e-05
150000 -3.69761e-05
160000 -2.91828e-06
170000 0.000118818
180000 9.87214e-05
190000 1.48001e-05
200000 6.26981e-05
210000 0.000170623
220000 -1.23146e-05
230000 1.71061e-05
240000 2.32766e-05
250000 7.27048e-05
260000 7.00166e-05
270000 2.56948e-05
280000 -1.91239e-05
290000 -0.000126709
300000 7.42631e-07
310000 0.000117053
320000 2.11537e-05
330000 8.27385e-05
340000 0.000109441
350000 7.87205e-05
360000 7.57148e-05
370000 2.47941e-05
380000 -4.65031e-06
390000 7.90157e-05
400000 -1.75834e-05
410000 2.75715e-05
420000 0.000348412
430000 7.74334e-05
440000 7.15371e-05
450000 -6.46948e-05
460000 0.000293129
470000 1.86865e-05
480000 0.000181906
490000 -7.92627e-05
500000 8.45597e-05
510000 6.60964e-05
520000 1.38966e-05
530000 4.47172e-05
540000 6.72724e-05
550000 0.000148385
560000 -2.17119e-05
570000 0.000135579
580000 0.000133118
590000 5.43062e-05
600000 7.50218e-05
610000 0.000107475
620000 6.49475e-05
630000 1.45198e-05
640000 9.32459e-05
650000 4.88036e-05
660000 0.000210281
670000 0.000163558
680000 0.000110016
690000 4.73121e-05
700000 1.64455e-05
710000 0.000133923
720000 0.00017732
730000 0.000148353
740000 0.000260568
750000 0.000303054
760000 0.000165771
770000 0.000210854
780000 0.00019623
790000 0.000189162
800000 8.95564e-05
810000 0.000123815
820000 0.000169842
830000 4.56752e-05
840000 0.000297055
850000 -3.29861e-05
860000 0.000278502
870000 -0.000110767
880000 0.000137776
890000 9.48215e-05
900000 3.57391e-05
910000 -7.31117e-05
920000 9.78766e-05
930000 0.000173245
940000 0.000156189
950000 8.57849e-06
960000 7.833e-05
970000 8.93071e-05
980000 -1.50565e-05
990000 2.03597e-05
1000000 3.17542e-05
1010000 0.000284133
1020000 0.000107074
1030000 0.000151006
1040000 0.000315783
1050000 7.2963e-05
1060000 -1.61983e-05
1070000 0.000116001
1080000 7.42777e-05
1090000 -1.28538e-05
1100000 0.000192905
1110000 0.000231529
1120000 0.000200885
1130000 0.000174029
1140000 3.58046e-05
1150000 0.000133712
1160000 3.33138e-05
1170000 0.000555209
1180000 0.000356471
1190000 0.000149599
1200000 -8.59916e-06
1210000 -2.79113e-05
1220000 0.000324252
1230000 0.000178531
1240000 0.000134319
1250000 0.000168231
1260000 0.000198206
1270000 0.00034648
1280000 5.66257e-06
1290000 0.000250357
1300000 0.000242173
1310000 0.00071057
1320000 0.00018752
1330000 1.03993e-05
1340000 0.000458895
1350000 0.000434482
1360000 0.00060791
1370000 0.000486144
1380000 0.00021379
1390000 0.00060463
1400000 0.000739304
1410000 0.000300027
1420000 0.00030164
1430000 0.000343893
1440000 0.000395964
1450000 0.00100392
1460000 0.000320827
1470000 2.43754e-05
1480000 2.38778e-05
1490000 0.000212807
1500000 0.000454191
1510000 0.00100564
1520000 0.000741497
1530000 0.000581145
1540000 0.000535511
1550000 0.000564691
1560000 0.000325596
1570000 0.000339777
1580000 0.000342167
1590000 0.000190487
1600000 0.000622187
1610000 0.000798667
1620000 0.000208275
1630000 0.000999397
1640000 0.000108316
1650000 0.000613146
1660000 0.000538471
1670000 0.00041655
1680000 0.00044359
1690000 0.00055466
1700000 0.000130912
1710000 0.000615631
1720000 0.000203143
1730000 0.000432631
1740000 0.000482815
1750000 0.00105259
1760000 0.000856322
1770000 0.000644456
1780000 0.000488458
1790000 0.000677056
1800000 0.000498839
1810000 0.000502832
1820000 0.000957811
1830000 0.000502067
1840000 0.000400586
1850000 0.000504786
1860000 0.000307613
1870000 0.000827452
1880000 0.000199844
1890000 0.000446193
1900000 0.000318488
1910000 0.000942725
1920000 0.000958338
1930000 0.00097607
1940000 0.000381693
1950000 0.000684638
1960000 0.00128057
1970000 0.0007604
1980000 0.00128719
1990000 0.000810439
2000000 0.00123
2010000 0.00108583
2020000 0.000907214
2030000 0.00184311
2040000 0.000348176
2050000 0.00123813
2060000 0.000981575
2070000 0.000933856
2080000 0.0010666
2090000 0.000956429
2100000 0.00159404
2110000 0.000973346
2120000 0.00137224
2130000 0.0010031
2140000 0.000735174
2150000 0.000782796
2160000 0.000593161
2170000 0.000778592
2180000 0.000461744
2190000 0.00125619
2200000 0.00119568
2210000 0.00123179
2220000 0.000703078
2230000 0.00109319
2240000 0.00115831
2250000 0.00082788
2260000 0.000733205
2270000 0.000778349
2280000 0.000674118
2290000 0.000935443
2300000 0.00158354
2310000 0.00112399
2320000 0.00130655
2330000 0.000634846
2340000 0.000665461
2350000 0.000860379
2360000 0.000785271
2370000 0.0015894
2380000 0.00124261
2390000 0.00132955
2400000 0.000905911
2410000 0.001435
2420000 0.00165817
2430000 0.000911443
2440000 0.00175072
2450000 0.00171602
2460000 0.00121549
2470000 0.00197143
2480000 0.00245295
2490000 0.00172589
2500000 0.00174721
2510000 0.00168186
2520000 0.00121832
2530000 0.00161249
2540000 0.00177731
2550000 0.00118818
2560000 0.00194295
2570000 0.0017531
2580000 0.0012025
2590000 0.0016624
2600000 0.00164225
2610000 0.00177647
2620000 0.00139254
2630000 0.00191739
2640000 0.00199364
2650000 0.00152678
2660000 0.00100985
2670000 0.00170526
2680000 0.000919072
2690000 0.00102513
2700000 0.000797534
2710000 0.00138349
2720000 0.00136264
2730000 0.000965529
2740000 0.0011895
2750000 0.000961358
2760000 0.00103485
2770000 0.00116345
2780000 0.00102288
2790000 0.00094962
2800000 0.000828819
2810000 0.00153219
2820000 0.00131601
2830000 0.00124652
2840000 0.00317971
2850000 0.00266793
2860000 0.00209397
2870000 0.00181002
2880000 0.00240708
2890000 0.00125448
2900000 0.00173622
2910000 0.00133063
2920000 0.00201279
2930000 0.00243028
2940000 0.00215836
2950000 0.00182958
2960000 0.00143532
2970000 0.00153019
2980000 0.00155765
2990000 0.00115905
3000000 0.00117082
3010000 0.00346644
3020000 0.00179062
3030000 0.00199752
3040000 0.00213083
3050000 0.002533
3060000 0.00197924
3070000 0.00214369
3080000 0.00168204
3090000 0.0025681
3100000 0.000827706
3110000 0.000827136
3120000 0.00164943
3130000 0.00196609
3140000 0.00139528
3150000 0.00146572
3160000 0.00121316
3170000 0.00182407
3180000 0.00250526
3190000 0.00219619
3200000 0.00213263
3210000 0.00131592
3220000 0.00187267
3230000 0.00298054
3240000 0.00139369
3250000 0.00182718
3260000 0.00198888
3270000 0.00185707
3280000 0.00148575
3290000 0.001671
3300000 0.00160337
3310000 0.00302166
3320000 0.00198081
3330000 0.00204746
3340000 0.00160186
3350000 0.00305867
3360000 0.00243894
3370000 0.00329882
3380000 0.00324797
3390000 0.0043255
3400000 0.00211631
3410000 0.00177698
3420000 0.002589
3430000 0.00492417
3440000 0.00330241
3450000 0.00351187
3460000 0.00283747
3470000 0.00303819
3480000 0.00260318
3490000 0.00249711
3500000 0.0033871
3510000 0.00157459
3520000 0.00164142
3530000 0.00217054
3540000 0.002633
3550000 0.00252018
3560000 0.00294763
3570000 0.00243308
3580000 0.00207086
3590000 0.00270966
3600000 0.00157821
3610000 0.00236393
3620000 0.0022093
3630000 0.00277174
3640000 0.00228164
3650000 0.00362765
3660000 0.00411265
3670000 0.00335891
3680000 0.00340122
3690000 0.00264597
3700000 0.00336642
3710000 0.0029967
3720000 0.0035933
3730000 0.00356067
3740000 0.00295668
3750000 0.00273347
3760000 0.00288359
3770000 0.00331651
3780000 0.00291475
3790000 0.00205088
3800000 0.00398721
3810000 0.00304291
3820000 0.00258208
3830000 0.00315197
3840000 0.00393384
3850000 0.00285112
3860000 0.00544973
3870000 0.00368627
3880000 0.00231191
3890000 0.00424681
3900000 0.00181199
3910000 0.00344156
3920000 0.00335335
3930000 0.00464596
3940000 0.00355021
3950000 0.00269869
3960000 0.00437012
3970000 0.0028674
3980000 0.00190442
3990000 0.00248777
4000000 0.00208258
4010000 0.00441873
4020000 0.00177373
4030000 0.00303848
4040000 0.00204792
4050000 0.00395636
4060000 0.00292746
4070000 0.00205602
4080000 0.00371114
4090000 0.00383082
4100000 0.00414047
4110000 0.0044822
4120000 0.00407792
4130000 0.00326146
4140000 0.0024333
4150000 0.00450927
4160000 0.00337759
4170000 0.00302548
4180000 0.00338025
4190000 0.0042202
4200000 0.00561704
4210000 0.00424211
4220000 0.00472773
4230000 0.00430224
4240000 0.00528004
4250000 0.00374912
4260000 0.00327942
4270000 0.00568362
4280000 0.00388906
4290000 0.00336572
4300000 0.00346102
4310000 0.00475927
4320000 0.00345844
4330000 0.00496229
4340000 0.00380074
4350000 0.00321895
4360000 0.00432963
4370000 0.00349093
4380000 0.00376256
4390000 0.00433689
4400000 0.00307564
4410000 0.00344691
4420000 0.00296034
4430000 0.00372156
4440000 0.00470139
4450000 0.00519132
4460000 0.00339123
4470000 0.00364852
4480000 0.00367338
4490000 0.00345415
4500000 0.0030931
4510000 0.00343901
4520000 0.00350943
4530000 0.00328273
4540000 0.00340106
4550000 0.00403686
4560000 0.00400614
4570000 0.0057551
4580000 0.00378541
4590000 0.00426839
4600000 0.00706174
4610000 0.00454353
4620000 0.0047823
4630000 0.00638223
4640000 0.0065147
4650000 0.00376322
4660000 0.00457717
4670000 0.00412491
4680000 0.00584408
4690000 0.00425702
4700000 0.00486183
4710000 0.00388771
4720000 0.0052654
4730000 0.00476464
4740000 0.00360485
4750000 0.00453434
4760000 0.0037694
4770000 0.00407014
4780000 0.00430216
4790000 0.00664985
4800000 0.00480003
4810000 0.00392514
4820000 0.00307996
4830000 0.00546232
4840000 0.00683293
4850000 0.00534666
4860000 0.00566345
4870000 0.00597148
4880000 0.00557284
4890000 0.00692018
4900000 0.00654479
4910000 0.00619526
4920000 0.00449106
4930000 0.00662444
4940000 0.00557592
4950000 0.00522935
4960000 0.00528846
4970000 0.00548318
4980000 0.00505603
4990000 0.00655992
5000000 0.00713558
5010000 0.00735782
5020000 0.00690241
5030000 0.00558043
5040000 0.00710958
5050000 0.00688812
5060000 0.00773001
5070000 0.00659225
5080000 0.00895866
5090000 0.0065748
5100000 0.0067421
5110000 0.00677352
5120000 0.00707621
5130000 0.00701825
5140000 0.00600844
5150000 0.00795809
5160000 0.00530079
5170000 0.00694528
5180000 0.00642423
5190000 0.00672231
5200000 0.00774467
5210000 0.00693322
5220000 0.00472
5230000 0.00408333
5240000 0.00462491
5250000 0.00488899
5260000 0.00756336
5270000 0.00731801
5280000 0.00783464
5290000 0.00610415
5300000 0.00780278
5310000 0.00674038
5320000 0.00602527
5330000 0.00717988
5340000 0.0064493
5350000 0.00584128
5360000 0.00611397
5370000 0.00579787
5380000 0.00823811
5390000 0.00702524
5400000 0.00573666
5410000 0.00597046
5420000 0.00783423
5430000 0.00583395
5440000 0.00710755
5450000 0.00577988
5460000 0.00537223
5470000 0.00575513
5480000 0.00605622
5490000 0.00581159
5500000 0.00790758
5510000 0.00824392
5520000 0.00882173
5530000 0.00784285
5540000 0.00642886
5550000 0.00680744
5560000 0.00673396
5570000 0.00774775
5580000 0.00678293
5590000 0.00679315
5600000 0.00598371
5610000 0.0102819
5620000 0.00915572
5630000 0.00716897
5640000 0.00679536
5650000 0.00633676
5660000 0.00742311
5670000 0.00712454
5680000 0.00683345
5690000 0.00699951
5700000 0.00766668
5710000 0.00822489
5720000 0.00847664
5730000 0.00814031
5740000 0.00834444
5750000 0.00767232
5760000 0.00730561
5770000 0.00786502
5780000 0.00671104
5790000 0.00758866
5800000 0.00932771
5810000 0.00806149
5820000 0.00901085
5830000 0.0103055
5840000 0.00831845
5850000 0.0103162
5860000 0.00791127
5870000 0.010161
5880000 0.00963382
5890000 0.0108527
5900000 0.00850333
5910000 0.00743609
5920000 0.00752009
5930000 0.00734982
5940000 0.00632449
5950000 0.00792591
5960000 0.00962336
5970000 0.0116933
5980000 0.00960383
5990000 0.00899303
6000000 0.00608819
6010000 0.00717561
6020000 0.00876914
6030000 0.0081977
6040000 0.00798913
6050000 0.0091922
6060000 0.00895739
6070000 0.00946587
6080000 0.00720254
6090000 0.0100976
6100000 0.00884828
6110000 0.00880966
6120000 0.00636174
6130000 0.0101671
6140000 0.00667447
6150000 0.00873534
6160000 0.00774507
6170000 0.00888526
6180000 0.00863863
6190000 0.0067495
6200000 0.00774492
6210000 0.00853189
6220000 0.00856908
6230000 0.00768178
6240000 0.00992362
6250000 0.0098666
6260000 0.00978459
6270000 0.0104575
6280000 0.00856083
6290000 0.00850127
6300000 0.00874452
6310000 0.00780107
6320000 0.0076494
6330000 0.00757214
6340000 0.00953418
6350000 0.00846942
6360000 0.00919567
6370000 0.0082885
6380000 0.00852305
6390000 0.00894308
6400000 0.00872471
6410000 0.0103516
6420000 0.0100329
6430000 0.0103251
6440000 0.00902457
6450000 0.0105931
6460000 0.00857012
6470000 0.00940343
6480000 0.0100611
6490000 0.00888816
6500000 0.00922848
6510000 0.00849959
6520000 0.00782186
6530000 0.00808261
6540000 0.00908365
6550000 0.0126258
6560000 0.0109732
6570000 0.00957761
6580000 0.0113518
6590000 0.00983206
6600000 0.0115063
6610000 0.0151116
6620000 0.0124802
6630000 0.0104946
6640000 0.0085245
6650000 0.00951927
6660000 0.00845051
6670000 0.010756
6680000 0.0104032
6690000 0.0115897
6700000 0.0106682
6710000 0.0120368
6720000 0.0117717
6730000 0.010546
6740000 0.0115721
6750000 0.0098967
6760000 0.00858004
6770000 0.00837622
6780000 0.00769681
6790000 0.00793925
6800000 0.0111603
6810000 0.00688659
6820000 0.0110087
6830000 0.011311
6840000 0.00908055
6850000 0.0105569
6860000 0.00957911
6870000 0.0110243
6880000 0.00929937
6890000 0.0107931
6900000 0.0112524
6910000 0.0103761
6920000 0.0106074
6930000 0.0109251
6940000 0.0149629
6950000 0.00940589
6960000 0.0110058
6970000 0.009697
6980000 0.0106161
6990000 0.0112357
7000000 0.0148183
7010000 0.0165548
7020000 0.014447
7030000 0.0120558
7040000 0.0150574
7050000 0.011146
7060000 0.01232
7070000 0.0110537
7080000 0.013022
7090000 0.0109198
7100000 0.00963951
7110000 0.0108482
7120000 0.0122148
7130000 0.0118036
7140000 0.0116193
7150000 0.0133351
7160000 0.01139
7170000 0.0127705
7180000 0.0116335
7190000 0.010812
7200000 0.0129901
7210000 0.0125592
7220000 0.0130635
7230000 0.0132805
7240000 0.0149838
7250000 0.010759
7260000 0.0108441
7270000 0.00967417
7280000 0.0100564
7290000 0.0118019
7300000 0.012388
7310000 0.0120856
7320000 0.0127716
7330000 0.0113134
7340000 0.0128225
7350000 0.0123435
7360000 0.0131562
7370000 0.0173876
7380000 0.0134292
7390000 0.0161104
7400000 0.0130739
7410000 0.0121655
7420000 0.0136604
7430000 0.0108374
7440000 0.0123282
7450000 0.0122064
7460000 0.00850795
7470000 0.0106271
7480000 0.0121845
7490000 0.0103337
7500000 0.00973897
7510000 0.0112315
7520000 0.0110044
7530000 0.0105674
7540000 0.0126685
7550000 0.0112046
7560000 0.0122636
7570000 0.0102395
7580000 0.0116237
7590000 0.0125174
7600000 0.0142557
7610000 0.0122365
7620000 0.0136645
7630000 0.0134592
7640000 0.011342
7650000 0.014991
7660000 0.01248
7670000 0.0141012
7680000 0.0119972
7690000 0.0141965
7700000 0.0117052
7710000 0.0125249
7720000 0.0128537
7730000 0.0126444
7740000 0.0103553
7750000 0.0106907
7760000 0.011246
7770000 0.0150791
7780000 0.0130281
7790000 0.0121499
7800000 0.0112252
7810000 0.0116497
7820000 0.0132958
7830000 0.0131393
7840000 0.0165584
7850000 0.0131282
7860000 0.0149503
7870000 0.0116234
7880000 0.0102137
7890000 0.0119533
7900000 0.0118275
7910000 0.013708
7920000 0.014923
7930000 0.0145939
7940000 0.0140398
7950000 0.0142581
7960000 0.0112237
7970000 0.0154468
7980000 0.0108114
7990000 0.0115528
8000000 0.0114311
8010000 0.0100295
8020000 0.00976194
8030000 0.0112635
8040000 0.0134082
8050000 0.0100808
8060000 0.0128582
8070000 0.011688
8080000 0.0148961
8090000 0.0146042
8100000 0.0160745
8110000 0.0148815
8120000 0.0154581
8130000 0.013197
8140000 0.0128073
8150000 0.0159563
8160000 0.0128017
8170000 0.00985439
8180000 0.0138003
8190000 0.0112065
8200000 0.0134384
8210000 0.0122121
8220000 0.0115755
8230000 0.0130263
8240000 0.0121143
8250000 0.017088
8260000 0.0123993
8270000 0.013331
8280000 0.0145078
8290000 0.0141988
8300000 0.0125783
8310000 0.0124222
8320000 0.0110941
8330000 0.0120291
8340000 0.0119604
8350000 0.0118962
8360000 0.0130812
8370000 0.0118716
8380000 0.0112874
8390000 0.0159418
8400000 0.0161608
8410000 0.0146334
8420000 0.0137784
8430000 0.0178109
8440000 0.0143043
8450000 0.0149871
8460000 0.0149476
8470000 0.0145277
8480000 0.0147289
8490000 0.0163181
8500000 0.0122145
8510000 0.0140061
8520000 0.0130563
8530000 0.0125901
8540000 0.0118281
8550000 0.0124563
8560000 0.0147654
8570000 0.0136985
8580000 0.0168153
8590000 0.0193981
8600000 0.0181383
8610000 0.0136105
8620000 0.0135179
8630000 0.0147838
8640000 0.0150713
8650000 0.0141063
8660000 0.0126002
8670000 0.0145655
8680000 0.0156298
8690000 0.0162553
8700000 0.0145527
8710000 0.0149666
8720000 0.0149095
8730000 0.0159313
8740000 0.0175043
8750000 0.0135274
8760000 0.0152755
8770000 0.0155943
8780000 0.0160903
8790000 0.0147071
8800000 0.013674
8810000 0.0175302
8820000 0.0166812
8830000 0.0188164
8840000 0.0130736
8850000 0.0134317
8860000 0.0141002
8870000 0.0144939
8880000 0.0129739
8890000 0.0180728
8900000 0.0180327
8910000 0.015892
8920000 0.0156916
8930000 0.0145646
8940000 0.0124194
8950000 0.014151
8960000 0.0110423
8970000 0.0161962
8980000 0.0139135
8990000 0.0173125
9000000 0.0137802
9010000 0.0136941
9020000 0.0147266
9030000 0.0127169
9040000 0.0136791
9050000 0.0152053
9060000 0.0127366
9070000 0.0139191
9080000 0.0139612
9090000 0.0194452
9100000 0.0146772
9110000 0.0157384
9120000 0.0163948
9130000 0.0170685
9140000 0.0154564
9150000 0.0159205
9160000 0.0139918
9170000 0.0140872
9180000 0.0169665
9190000 0.0121699
9200000 0.0146071
9210000 0.0149396
9220000 0.0191419
9230000 0.0143952
9240000 0.0153586
9250000 0.0144753
9260000 0.0131334
9270000 0.0121935
9280000 0.0140926
9290000 0.0160251
9300000 0.0147175
9310000 0.0128359
9320000 0.015648
9330000 0.0129008
9340000 0.013727
9350000 0.0158507
9360000 0.0156342
9370000 0.0178306
9380000 0.0149185
9390000 0.0164193
9400000 0.0171085
9410000 0.0177232
9420000 0.0179194
9430000 0.0181895
9440000 0.0171237
9450000 0.0165076
9460000 0.0165738
9470000 0.0151332
9480000 0.0133531
9490000 0.0148035
9500000 0.0155567
9510000 0.015966
9520000 0.0146262
9530000 0.0152653
9540000 0.0165361
9550000 0.0166
9560000 0.0159331
9570000 0.0136804
9580000 0.0165285
9590000 0.0168766
9600000 0.016789
9610000 0.0174003
9620000 0.0198596
9630000 0.0160497
9640000 0.0156437
9650000 0.0158525
9660000 0.0152534
9670000 0.0160882
9680000 0.016262
9690000 0.0205106
9700000 0.015716
9710000 0.0218082
9720000 0.0164677
9730000 0.0131735
9740000 0.0191745
9750000 0.01664
9760000 0.0185755
9770000 0.0177786
9780000 0.0152212
9790000 0.0191024
9800000 0.0154439
9810000 0.0155682
9820000 0.0222791
9830000 0.0166547
9840000 0.0143974
9850000 0.0145705
9860000 0.0146921
9870000 0.0192502
9880000 0.0132958
9890000 0.0149985
9900000 0.0173557
9910000 0.0162797
9920000 0.0147881
9930000 0.0181241
9940000 0.0143661
9950000 0.0149582
9960000 0.01672
9970000 0.0161343
9980000 0.0177407
9990000 0.0210539
10000000 0.0160192
10010000 0.0186401
10020000 0.0195689
10030000 0.0179419
10040000 0.0222041
10050000 0.0186902
10060000 0.0167651
10070000 0.0226645
10080000 0.0179302
10090000 0.0171636
10100000 0.0184341
10110000 0.018414
10120000 0.0192833
10130000 0.01734
10140000 0.0191147
10150000 0.0171987
10160000 0.0198367
10170000 0.0154984
10180000 0.0163548
10190000 0.0186766
10200000 0.0185365
10210000 0.0220933
10220000 0.0196169
10230000 0.0180155
10240000 0.0165192
10250000 0.0190099
10260000 0.0203978
10270000 0.0217443
10280000 0.0227318
10290000 0.0229946
10300000 0.0192229
10310000 0.0238278
10320000 0.018151
10330000 0.0184716
10340000 0.0206252
10350000 0.021025
10360000 0.0207354
10370000 0.0206035
10380000 0.0233128
10390000 0.0230177
10400000 0.0196705
10410000 0.021532
10420000 0.0195905
10430000 0.0223562
10440000 0.02028
10450000 0.0199933
10460000 0.0201755
10470000 0.0215098
10480000 0.0183109
10490000 0.0191952
10500000 0.0192424
10510000 0.0173399
10520000 0.0214646
10530000 0.0171063
10540000 0.0183045
10550000 0.0217301
10560000 0.0202883
10570000 0.0183191
10580000 0.0157377
10590000 0.0177569
10600000 0.01951
10610000 0.0191837
10620000 0.0213763
10630000 0.0165341
10640000 0.0245196
10650000 0.0204488
10660000 0.0227803
10670000 0.0220422
10680000 0.0236448
10690000 0.0228045
10700000 0.0177935
10710000 0.019928
10720000 0.0204185
10730000 0.0207311
10740000 0.018746
10750000 0.0202387
10760000 0.0199499
10770000 0.0159342
10780000 0.0205908
10790000 0.0256027
10800000 0.0245238
10810000 0.0215991
10820000 0.0242718
10830000 0.0173008
10840000 0.0165344
10850000 0.0198319
10860000 0.0222368
10870000 0.0205501
10880000 0.0212364
10890000 0.0237344
10900000 0.0192322
10910000 0.0214139
10920000 0.0230303
10930000 0.0225638
10940000 0.0259975
10950000 0.0216936
10960000 0.0214527
10970000 0.0213886
10980000 0.0175109
10990000 0.0207633
11000000 0.0246615
11010000 0.0171175
11020000 0.017283
11030000 0.0206799
11040000 0.021156
11050000 0.0187698
11060000 0.0238389
11070000 0.0213001
11080000 0.0229828
11090000 0.0205955
11100000 0.0249219
11110000 0.0209733
11120000 0.0184448
11130000 0.0199754
11140000 0.0212491
11150000 0.0247183
11160000 0.0244628
11170000 0.0220071
11180000 0.0246771
11190000 0.0224358
11200000 0.0259661
11210000 0.0218603
11220000 0.0230888
11230000 0.0244073
11240000 0.0263404
11250000 0.0219656
11260000 0.0248355
11270000 0.0265326
11280000 0.0272589
11290000 0.0280925
11300000 0.0253323
11310000 0.0288561
11320000 0.0260826
11330000 0.025326
11340000 0.0284668
11350000 0.0238865
11360000 0.0265235
11370000 0.025992
11380000 0.0262354
11390000 0.0252562
11400000 0.0220252
11410000 0.0239061
11420000 0.0231249
11430000 0.0242174
11440000 0.0261281
11450000 0.0245029
11460000 0.0216294
11470000 0.0227404
11480000 0.021628
11490000 0.0205993
11500000 0.0218498
11510000 0.0250735
11520000 0.0283503
11530000 0.0222385
11540000 0.0240878
11550000 0.0284721
11560000 0.0261917
11570000 0.0233268
11580000 0.0246594
11590000 0.0236745
11600000 0.0295073
11610000 0.0219919
11620000 0.0210173
11630000 0.0203549
11640000 0.0185018
11650000 0.0246266
11660000 0.0250721
11670000 0.0235764
11680000 0.0229079
11690000 0.0251506
11700000 0.0233697
11710000 0.0266533
11720000 0.0256169
11730000 0.0262326
11740000 0.020184
11750000 0.0238931
11760000 0.0253665
11770000 0.0250625
11780000 0.0257355
11790000 0.0239515
11800000 0.0236526
11810000 0.021769
11820000 0.0248305
11830000 0.0210584
11840000 0.0228875
11850000 0.0211361
11860000 0.0247386
11870000 0.0230579
11880000 0.0249022
11890000 0.0260696
11900000 0.0266726
11910000 0.0231582
11920000 0.0216567
11930000 0.0247873
11940000 0.026882
11950000 0.0260428
11960000 0.0253874
11970000 0.0257154
11980000 0.0295811
11990000 0.0301792
12000000 0.0249557
12010000 0.0264334
12020000 0.0247763
12030000 0.0223484
12040000 0.0210116
12050000 0.0243888
12060000 0.0272592
12070000 0.0240277
12080000 0.0236781
12090000 0.0232911
12100000 0.0252317
12110000 0.0253094
12120000 0.0269891
12130000 0.0245473
12140000 0.0223598
12150000 0.0263671
12160000 0.0227484
12170000 0.0239679
12180000 0.0250199
12190000 0.0259592
12200000 0.0205516
12210000 0.0219911
12220000 0.0250603
12230000 0.0256408
12240000 0.0240918
12250000 0.0291967
12260000 0.0253081
12270000 0.0222985
12280000 0.0263676
12290000 0.0224986
12300000 0.0260943
12310000 0.0270979
12320000 0.0250173
12330000 0.0262672
12340000 0.0310375
12350000 0.0267722
12360000 0.0269791
12370000 0.0306209
12380000 0.0320526
12390000 0.0341121
12400000 0.026597
12410000 0.0294512
12420000 0.0266616
12430000 0.0266556
12440000 0.0280375
12450000 0.0245716
12460000 0.0285686
12470000 0.0249489
12480000 0.0289613
12490000 0.0265466
12500000 0.0269213
12510000 0.028056
12520000 0.0291146
12530000 0.027235
12540000 0.0273311
12550000 0.0257809
12560000 0.0244854
12570000 0.0233613
12580000 0.0256488
12590000 0.0230762
12600000 0.031484
12610000 0.0234747
12620000 0.0264279
12630000 0.0261697
12640000 0.0302942
12650000 0.0330372
12660000 0.0304634
12670000 0.0293949
12680000 0.0318656
12690000 0.0319098
12700000 0.0283102
12710000 0.0372914
12720000 0.0272765
12730000 0.0306997
12740000 0.026327
12750000 0.0286625
12760000 0.0352086
12770000 0.0327152
12780000 0.0286609
12790000 0.0295282
12800000 0.0278498
12810000 0.0306262
12820000 0.0312846
12830000 0.032594
12840000 0.0313455
12850000 0.032785
12860000 0.0316336
12870000 0.0319286
12880000 0.0317925
12890000 0.0386975
12900000 0.0398731
12910000 0.0370125
12920000 0.0334892
12930000 0.0347001
12940000 0.0350767
12950000 0.0372482
12960000 0.0305374
12970000 0.0330912
12980000 0.0299268
12990000 0.0329029
13000000 0.0300546
13010000 0.0328401
13020000 0.0330013
13030000 0.0318433
13040000 0.033195
13050000 0.0293079
13060000 0.0346016
13070000 0.0320954
13080000 0.0314592
13090000 0.0369716
13100000 0.0365045
13110000 0.0317282
13120000 0.0315352
13130000 0.0289561
13140000 0.0302876
13150000 0.0311256
13160000 0.0307038
13170000 0.0313851
13180000 0.0318988
13190000 0.0295182
13200000 0.0340984
13210000 0.0267787
13220000 0.0292054
13230000 0.0308194
13240000 0.0270303
13250000 0.0276908
13260000 0.0320913
13270000 0.032126
13280000 0.0268404
13290000 0.0288737
13300000 0.0333222
13310000 0.0292468
13320000 0.0311544
13330000 0.0359454
13340000 0.0361276
13350000 0.035327
13360000 0.0333004
13370000 0.0330341
13380000 0.0279983
13390000 0.0295032
13400000 0.0320332
13410000 0.0307684
13420000 0.0286988
13430000 0.030224
13440000 0.0345442
13450000 0.0364005
13460000 0.0329467
13470000 0.0341419
13480000 0.0380893
13490000 0.036459
13500000 0.035129
13510000 0.0420305
13520000 0.0400565
13530000 0.035407
13540000 0.0359791
13550000 0.0317489
13560000 0.0353245
13570000 0.0358806
13580000 0.0363088
13590000 0.0347253
13600000 0.0284009
13610000 0.0308538
13620000 0.0350223
13630000 0.0342622
13640000 0.0339656
13650000 0.0321624
13660000 0.0348325
13670000 0.0363704
13680000 0.0368727
13690000 0.0378207
13700000 0.0381927
13710000 0.0335733
13720000 0.0325176
13730000 0.0324789
13740000 0.0362579
13750000 0.0343769
13760000 0.0372611
13770000 0.0326687
13780000 0.0317639
13790000 0.036661
13800000 0.0322212
13810000 0.027147
13820000 0.0321454
13830000 0.0335934
13840000 0.0298325
13850000 0.0345011
13860000 0.0312044
13870000 0.0326228
13880000 0.0360623
13890000 0.0324238
13900000 0.0330743
13910000 0.033676
13920000 0.0358594
13930000 0.0361754
13940000 0.0398121
13950000 0.0347916
13960000 0.0347635
13970000 0.0338007
13980000 0.0331758
13990000 0.0334577
14000000 0.031904
14010000 0.0304114
14020000 0.0325428
14030000 0.0313258
14040000 0.0326307
14050000 0.0320064
14060000 0.0322489
14070000 0.0337605
14080000 0.0293352
14090000 0.0280922
14100000 0.0302248
14110000 0.0296354
14120000 0.0299557
14130000 0.0285433
14140000 0.0299204
14150000 0.0355086
14160000 0.0307153
14170000 0.0290931
14180000 0.0297408
14190000 0.0340235
14200000 0.0345451
14210000 0.0374728
14220000 0.041845
14230000 0.0337083
14240000 0.032084
14250000 0.0327826
14260000 0.0315392
14270000 0.0300188
14280000 0.03208
14290000 0.0320115
14300000 0.0304832
14310000 0.0302429
14320000 0.029612
14330000 0.0308497
14340000 0.0271484
14350000 0.027407
14360000 0.0307503
14370000 0.0289203
14380000 0.0347559
14390000 0.0351555
14400000 0.0390778
14410000 0.0335181
14420000 0.0339201
14430000 0.0333826
14440000 0.0303271
14450000 0.0303519
14460000 0.0324627
14470000 0.0303395
14480000 0.0245556
14490000 0.0346651
14500000 0.0377837
14510000 0.0351836
14520000 0.034022
14530000 0.0339884
14540000 0.0386995
14550000 0.0351737
14560000 0.0398482
14570000 0.0413363
14580000 0.0399014
14590000 0.0391007
14600000 0.03889
14610000 0.0422842
14620000 0.0462314
14630000 0.0406605
14640000 0.0380382
14650000 0.0351396
14660000 0.0364197
14670000 0.0370751
14680000 0.0347908
14690000 0.0361748
14700000 0.0383192
14710000 0.0441984
14720000 0.0407047
14730000 0.0385525
14740000 0.0415719
14750000 0.0348834
14760000 0.041869
14770000 0.04265
14780000 0.0411854
14790000 0.0410516
14800000 0.0370091
14810000 0.0426825
14820000 0.0405802
14830000 0.03372
14840000 0.0363919
14850000 0.033144
14860000 0.0374928
14870000 0.0333396
14880000 0.0392875
14890000 0.039284
14900000 0.0358384
14910000 0.0385387
14920000 0.0320309
14930000 0.0323079
14940000 0.0354567
14950000 0.0364353
14960000 0.0352389
14970000 0.0299229
14980000 0.0398701
14990000 0.0397524
15000000 0.0373014
15010000 0.0372898
15020000 0.0312656
15030000 0.0364187
15040000 0.0378688
15050000 0.0345626
15060000 0.0323324
15070000 0.0423566
15080000 0.0394017
15090000 0.0377391
15100000 0.0411526
15110000 0.0397011
15120000 0.0389142
15130000 0.0365847
15140000 0.0330598
15150000 0.0391117
15160000 0.0407994
15170000 0.0369152
15180000 0.0349135
15190000 0.037796
15200000 0.0403725
15210000 0.0352749
15220000 0.0385551
15230000 0.0352648
15240000 0.0318621
15250000 0.0343921
15260000 0.0338629
15270000 0.0341118
15280000 0.0367915
15290000 0.0373223
15300000 0.0371813
15310000 0.038385
15320000 0.0354958
15330000 0.0396518
15340000 0.0399345
15350000 0.034047
15360000 0.0368876
15370000 0.0369087
15380000 0.038867
15390000 0.0349884
15400000 0.0315585
15410000 0.0326872
15420000 0.0350148
15430000 0.0368418
15440000 0.0348289
15450000 0.0335711
15460000 0.0337277
15470000 0.0352529
15480000 0.0348815
15490000 0.0315339
15500000 0.0322491
15510000 0.0337081
15520000 0.031073
15530000 0.0311237
15540000 0.0402311
15550000 0.0352613
15560000 0.0396032
15570000 0.0393751
15580000 0.0375148
15590000 0.0410676
15600000 0.0355577
15610000 0.0375821
15620000 0.0355124
15630000 0.0378431
15640000 0.034739
15650000 0.0358585
15660000 0.0339683
15670000 0.0380731
15680000 0.0360485
15690000 0.0335844
15700000 0.0364549
15710000 0.0378631
15720000 0.0325924
15730000 0.0343173
15740000 0.0387198
15750000 0.0346956
15760000 0.0369528
15770000 0.0386588
15780000 0.0372184
15790000 0.0371239
15800000 0.0403531
15810000 0.035881
15820000 0.0411466
15830000 0.0428003
15840000 0.0393359
15850000 0.0363493
15860000 0.0349887
15870000 0.03622
15880000 0.0379571
15890000 0.036278
15900000 0.0376642
15910000 0.0349242
15920000 0.0394483
15930000 0.0379539
15940000 0.0359404
15950000 0.0401513
15960000 0.0425418
15970000 0.0424722
15980000 0.0449833
15990000 0.0405967
16000000 0.0377806
16010000 0.0414933
16020000 0.040838
16030000 0.0490471
16040000 0.040586
16050000 0.0397924
16060000 0.0396645
16070000 0.0409375
16080000 0.0371394
16090000 0.0437215
16100000 0.0369836
16110000 0.0449362
16120000 0.0505357
16130000 0.0516412
16140000 0.0474799
16150000 0.045652
16160000 0.044816
16170000 0.039731
16180000 0.0419647
16190000 0.0459406
16200000 0.0442559
16210000 0.0383764
16220000 0.038012
16230000 0.0411517
16240000 0.0410876
16250000 0.0384363
16260000 0.0399662
16270000 0.0379469
16280000 0.0444315
16290000 0.0397256
16300000 0.0334807
16310000 0.0403408
16320000 0.0433551
16330000 0.0373961
16340000 0.0386362
16350000 0.0387074
16360000 0.0404777
16370000 0.0392742
16380000 0.03948
16390000 0.0359597
16400000 0.0381561
16410000 0.0375162
16420000 0.0430704
16430000 0.0444579
16440000 0.04013
16450000 0.0381532
16460000 0.037303
16470000 0.038469
16480000 0.0433922
16490000 0.0413091
16500000 0.0431948
16510000 0.0380721
16520000 0.0385406
16530000 0.0395983
16540000 0.0408372
16550000 0.0409088
16560000 0.035362
16570000 0.0358964
16580000 0.0395068
16590000 0.0373213
16600000 0.0409892
16610000 0.0425464
16620000 0.0428216
16630000 0.0420333
16640000 0.0443593
16650000 0.0417607
16660000 0.0421137
16670000 0.0433732
16680000 0.0398882
16690000 0.0481788
16700000 0.0463624
16710000 0.043433
16720000 0.04713
16730000 0.0406759
16740000 0.0486376
16750000 0.052819
16760000 0.0439427
16770000 0.0476868
16780000 0.0474397
16790000 0.0512792
16800000 0.0539084
16810000 0.0487021
16820000 0.0498905
16830000 0.0480976
16840000 0.0471342
16850000 0.0489071
16860000 0.0452326
16870000 0.0429032
16880000 0.0432376
16890000 0.0417129
16900000 0.046054
16910000 0.0460974
16920000 0.0438294
16930000 0.0431694
16940000 0.048157
16950000 0.046279
16960000 0.0436664
16970000 0.0439053
16980000 0.0446418
16990000 0.0440876
17000000 0.0431459
17010000 0.0422489
17020000 0.0442651
17030000 0.0478791
17040000 0.0434106
17050000 0.0452931
17060000 0.0501026
17070000 0.0464868
17080000 0.0419496
17090000 0.0410719
17100000 0.0440178
17110000 0.0450166
17120000 0.0485067
17130000 0.0422483
17140000 0.0458688
17150000 0.0470802
17160000 0.0511852
17170000 0.0523621
17180000 0.0495919
17190000 0.0476331
17200000 0.0438211
17210000 0.043468
17220000 0.0505605
17230000 0.0517675
17240000 0.05394
17250000 0.0489955
17260000 0.0432932
17270000 0.0459321
17280000 0.0486251
17290000 0.051311
17300000 0.0497773
17310000 0.0506035
17320000 0.0542545
17330000 0.0539004
17340000 0.0511047
17350000 0.0553336
17360000 0.06023
17370000 0.045539
17380000 0.0536219
17390000 0.0497668
17400000 0.0507773
17410000 0.0472036
17420000 0.044511
17430000 0.0454464
17440000 0.0442792
17450000 0.0469575
17460000 0.0492105
17470000 0.0495173
17480000 0.0485392
17490000 0.0546491
17500000 0.0496671
17510000 0.0510211
17520000 0.0467254
17530000 0.051529
17540000 0.0543667
17550000 0.0544011
17560000 0.0546139
17570000 0.0591633
17580000 0.0581339
17590000 0.0503117
17600000 0.0542338
17610000 0.0603982
17620000 0.0530001
17630000 0.0533281
17640000 0.0549714
17650000 0.0505896
17660000 0.0498685
17670000 0.0519986
17680000 0.0558089
17690000 0.0531604
17700000 0.0557646
17710000 0.0543886
17720000 0.0525781
17730000 0.0507188
17740000 0.0609387
17750000 0.0515676
17760000 0.0513367
17770000 0.0467611
17780000 0.0500934
17790000 0.0469141
17800000 0.048836
17810000 0.0507589
17820000 0.0544171
17830000 0.0483352
17840000 0.0513208
17850000 0.0516293
17860000 0.0582237
17870000 0.0506655
17880000 0.0534487
17890000 0.0564742
17900000 0.0491975
17910000 0.0506147
17920000 0.056705
17930000 0.0562076
17940000 0.0547309
17950000 0.0611585
17960000 0.062073
17970000 0.0559681
17980000 0.056284
17990000 0.0513485
18000000 0.0562386
18010000 0.0559293
18020000 0.0570484
18030000 0.0554797
18040000 0.0600434
18050000 0.0577075
18060000 0.0581092
18070000 0.0551683
18080000 0.0617192
18090000 0.0628819
18100000 0.0594024
18110000 0.0600881
18120000 0.061778
18130000 0.0576496
18140000 0.0565397
18150000 0.0658674
18160000 0.0693193
18170000 0.0613017
18180000 0.0630928
18190000 0.0567015
18200000 0.0545721
18210000 0.0560136
18220000 0.0539063
18230000 0.0498171
18240000 0.0573347
18250000 0.0525105
18260000 0.0550849
18270000 0.0565502
18280000 0.054835
18290000 0.0534835
18300000 0.0535503
18310000 0.0536379
18320000 0.0553387
18330000 0.0560734
18340000 0.0557604
18350000 0.0563454
18360000 0.0527777
18370000 0.0501877
18380000 0.0531031
18390000 0.0536491
18400000 0.0466341
18410000 0.0526138
18420000 0.0558703
18430000 0.0522142
18440000 0.0481741
18450000 0.049725
18460000 0.0513648
18470000 0.0528841
18480000 0.0464195
18490000 0.0510175
18500000 0.0505771
18510000 0.0483472
18520000 0.0443971
18530000 0.0475987
18540000 0.0466498
18550000 0.053294
18560000 0.054229
18570000 0.0577255
18580000 0.0561849
18590000 0.0600705
18600000 0.051586
18610000 0.0532289
18620000 0.0587261
18630000 0.0523501
18640000 0.0536853
18650000 0.0594481
18660000 0.053935
18670000 0.051954
18680000 0.0439653
18690000 0.0496709
18700000 0.0451539
18710000 0.045815
18720000 0.0500667
18730000 0.0509242
18740000 0.0532671
18750000 0.046119
18760000 0.0488738
18770000 0.0489276
18780000 0.0495762
18790000 0.0517918
18800000 0.0532511
18810000 0.0477253
18820000 0.0541212
18830000 0.0541591
18840000 0.0559061
18850000 0.0533617
18860000 0.050626
18870000 0.061823
18880000 0.0555149
18890000 0.0606358
18900000 0.0576193
18910000 0.0483005
18920000 0.0551526
18930000 0.0528544
18940000 0.0581166
18950000 0.0630951
18960000 0.0651124
18970000 0.0631774
18980000 0.0649766
18990000 0.0682365
19000000 0.0631621
19010000 0.0579051
19020000 0.0569885
19030000 0.0618213
19040000 0.0638361
19050000 0.0632834
19060000 0.0578018
19070000 0.0577387
19080000 0.0622287
19090000 0.0607031
19100000 0.0605547
19110000 0.0645511
19120000 0.062233
19130000 0.0579464
19140000 0.0550657
19150000 0.0586848
19160000 0.0523028
19170000 0.0491535
19180000 0.0512
19190000 0.0538653
19200000 0.0522178
19210000 0.056202
19220000 0.0578666
19230000 0.0566433
19240000 0.049312
19250000 0.0555322
19260000 0.0604887
19270000 0.0531306
19280000 0.0567367
19290000 0.059898
19300000 0.0591846
19310000 0.0596978
19320000 0.0593431
19330000 0.0624347
19340000 0.0570325
19350000 0.0502519
19360000 0.0564858
19370000 0.0553483
19380000 0.0531009
19390000 0.056318
19400000 0.0562437
19410000 0.0611482
19420000 0.0680273
19430000 0.0589626
19440000 0.0571708
19450000 0.0551627
19460000 0.067206
19470000 0.0621761
19480000 0.0637274
19490000 0.0582021
19500000 0.0569974
19510000 0.0593168
19520000 0.062194
19530000 0.0618572
19540000 0.0663157
19550000 0.0578196
19560000 0.0632492
19570000 0.0583101
19580000 0.0622107
19590000 0.0594474
19600000 0.0624899
19610000 0.0598609
19620000 0.064397
19630000 0.0647151
19640000 0.0592322
19650000 0.0596225
19660000 0.0612436
19670000 0.0627139
19680000 0.0694658
19690000 0.0614226
19700000 0.0673025
19710000 0.0665324
19720000 0.0633229
19730000 0.0623308
19740000 0.0581022
19750000 0.0646385
19760000 0.0593642
19770000 0.0640064
19780000 0.0636146
19790000 0.0619268
19800000 0.0617517
19810000 0.0592528
19820000 0.0618863
19830000 0.0609852
19840000 0.056295
19850000 0.0606324
19860000 0.0598363
19870000 0.0652262
19880000 0.0703674
19890000 0.0528437
19900000 0.0583313
19910000 0.0537778
19920000 0.0615167
19930000 0.0591518
19940000 0.0650759
19950000 0.0655196
19960000 0.059401
19970000 0.0641286
19980000 0.066969
19990000 0.0626451
20000000 0.0573646
20010000 0.0615416
20020000 0.0625018
20030000 0.0610124
20040000 0.0636256
20050000 0.0613193
20060000 0.0606332
20070000 0.0561798
20080000 0.0596756
20090000 0.056664
20100000 0.0591105
20110000 0.0558047
20120000 0.0616416
20130000 0.062948
20140000 0.0658067
20150000 0.0662258
20160000 0.072274
20170000 0.0637856
20180000 0.0698103
20190000 0.0672495
20200000 0.0728324
20210000 0.0635854
20220000 0.0722816
20230000 0.0770435
20240000 0.0737739
20250000 0.0741985
20260000 0.0767079
20270000 0.0737738
20280000 0.0753049
20290000 0.0772348
20300000 0.0698993
20310000 0.066877
20320000 0.0718464
20330000 0.067913
20340000 0.0680066
20350000 0.0763327
20360000 0.0718377
20370000 0.0665663
20380000 0.0698802
20390000 0.0649976
20400000 0.0596815
20410000 0.0652689
20420000 0.0669901
20430000 0.0686002
20440000 0.0698229
20450000 0.0715369
20460000 0.069678
20470000 0.0655309
20480000 0.0712095
20490000 0.0692519
20500000 0.0642744
20510000 0.0663421
20520000 0.0684218
20530000 0.0661797
20540000 0.0681342
20550000 0.0729711
20560000 0.0685847
20570000 0.0709521
20580000 0.0689991
20590000 0.069025
20600000 0.0729915
20610000 0.0710719
20620000 0.0687075
20630000 0.0652409
20640000 0.0671119
20650000 0.0629361
20660000 0.0714509
20670000 0.0702204
20680000 0.0748865
20690000 0.0787066
20700000 0.0708528
20710000 0.0672442
20720000 0.0692331
20730000 0.0637137
20740000 0.0743628
20750000 0.0668876
20760000 0.0641518
20770000 0.0677268
20780000 0.0665029
20790000 0.0653606
20800000 0.0646795
20810000 0.0655427
20820000 0.0725642
20830000 0.0703467
20840000 0.0724965
20850000 0.0661683
20860000 0.0675249
20870000 0.0685866
20880000 0.065361
20890000 0.0700936
20900000 0.0697562
20910000 0.0714928
20920000 0.0704451
20930000 0.0652177
20940000 0.0720047
20950000 0.0654967
20960000 0.0679158
20970000 0.0732086
20980000 0.0716299
20990000 0.0748091
21000000 0.0786632
21010000 0.0738194
21020000 0.0766177
21030000 0.0660653
21040000 0.0710803
21050000 0.0639799
21060000 0.0703218
21070000 0.065488
21080000 0.06916
21090000 0.0768652
21100000 0.0709363
21110000 0.0726911
21120000 0.0672161
21130000 0.074886
21140000 0.0764638
21150000 0.0822879
21160000 0.0813697
21170000 0.0698671
21180000 0.0773697
21190000 0.0754248
21200000 0.0719281
21210000 0.0732641
21220000 0.0749872
21230000 0.0711418
21240000 0.0715298
21250000 0.0678759
21260000 0.0715394
21270000 0.072062
21280000 0.0739141
21290000 0.0763189
21300000 0.0735218
21310000 0.0687482
21320000 0.0742271
21330000 0.0717682
21340000 0.0690492
21350000 0.0751943
21360000 0.0732764
21370000 0.0684069
21380000 0.0737994
21390000 0.0698612
21400000 0.0687263
21410000 0.0706997
21420000 0.081515
21430000 0.081547
21440000 0.0808873
21450000 0.0808408
21460000 0.0763287
21470000 0.0773858
21480000 0.0785073
21490000 0.0803522
21500000 0.0782632
21510000 0.0817606
21520000 0.0863516
21530000 0.0794269
21540000 0.0818172
21550000 0.0748606
21560000 0.0765252
21570000 0.0768466
21580000 0.0853144
21590000 0.07417
21600000 0.075583
21610000 0.0719735
21620000 0.0784158
21630000 0.0774949
21640000 0.0787397
21650000 0.0854621
21660000 0.0757401
21670000 0.0772292
21680000 0.0829901
21690000 0.0833261
21700000 0.0771201
21710000 0.0752055
21720000 0.0738108
21730000 0.0867888
21740000 0.0827553
21750000 0.0783363
21760000 0.0799082
21770000 0.0903529
21780000 0.0928392
21790000 0.0810562
21800000 0.0865466
21810000 0.088572
21820000 0.0883721
21830000 0.0985727
21840000 0.0939608
21850000 0.095277
21860000 0.0918579
21870000 0.100921
21880000 0.094106
21890000 0.0956302
21900000 0.100934
21910000 0.0998762
21920000 0.100201
21930000 0.0960619
21940000 0.0876897
21950000 0.0893031
21960000 0.0881254
21970000 0.0894876
21980000 0.0837837
21990000 0.0829845
22000000 0.0851846
22010000 0.0871189
22020000 0.0821713
22030000 0.0905431
22040000 0.0900164
22050000 0.0913275
22060000 0.0854165
22070000 0.0900095
22080000 0.0975468
22090000 0.0899392
22100000 0.0922679
22110000 0.0881324
22120000 0.088303
22130000 0.0881296
22140000 0.0841771
22150000 0.0892969
22160000 0.0956304
22170000 0.0879692
22180000 0.0962029
22190000 0.0909448
22200000 0.0864171
22210000 0.0876869
22220000 0.0911701
22230000 0.081261
22240000 0.0845625
22250000 0.0706885
22260000 0.0806537
22270000 0.0757017
22280000 0.0776464
22290000 0.0808098
22300000 0.0856979
22310000 0.077879
22320000 0.0859127
22330000 0.0849138
22340000 0.0896118
22350000 0.0917267
22360000 0.0856567
22370000 0.0790772
22380000 0.0818268
22390000 0.0817286
22400000 0.077985
22410000 0.0786227
22420000 0.0801543
22430000 0.082863
22440000 0.083571
22450000 0.0840364
22460000 0.0825987
22470000 0.0861519
22480000 0.0823365
22490000 0.083018
22500000 0.0850028
22510000 0.0885285
22520000 0.0842845
22530000 0.0904494
22540000 0.0879954
22550000 0.0882793
22560000 0.0854868
22570000 0.0907299
22580000 0.093277
22590000 0.0939629
22600000 0.0961601
22610000 0.092432
22620000 0.0956335
22630000 0.0865848
22640000 0.0838273
22650000 0.0852298
22660000 0.0903995
22670000 0.0826892
22680000 0.0847382
22690000 0.083518
22700000 0.0792981
22710000 0.0816818
22720000 0.0812074
22730000 0.0877851
22740000 0.0865583
22750000 0.0843823
22760000 0.0840276
22770000 0.0816624
22780000 0.0762685
22790000 0.0772573
22800000 0.0765952
22810000 0.0831859
22820000 0.0893134
22830000 0.0859803
22840000 0.0851237
22850000 0.0946922
22860000 0.0933638
22870000 0.0966491
22880000 0.0968772
22890000 0.0982261
22900000 0.0963131
22910000 0.0974591
22920000 0.0995214
22930000 0.0985754
22940000 0.100039
22950000 0.103918
22960000 0.104053
22970000 0.101053
22980000 0.104971
22990000 0.101224
23000000 0.101791
23010000 0.098869
23020000 0.102575
23030000 0.0923775
23040000 0.0980596
23050000 0.0992019
23060000 0.0918542
23070000 0.0935556
23080000 0.0974451
23090000 0.0947108
23100000 0.0940285
23110000 0.0893526
23120000 0.0867271
23130000 0.0930787
23140000 0.0930358
23150000 0.0940818
23160000 0.0936333
23170000 0.0988041
23180000 0.0991086
23190000 0.0983738
23200000 0.0976582
23210000 0.0932209
23220000 0.100548
23230000 0.102916
23240000 0.0993327
23250000 0.107444
23260000 0.100671
23270000 0.0987785
23280000 0.104124
23290000 0.0971331
23300000 0.102343
23310000 0.108921
23320000 0.108049
23330000 0.107567
23340000 0.106326
23350000 0.106512
23360000 0.106029
23370000 0.111077
23380000 0.108192
23390000 0.109146
23400000 0.116262
23410000 0.114492
23420000 0.115299
23430000 0.117607
23440000 0.10782
23450000 0.111012
23460000 0.114684
23470000 0.114503
23480000 0.111657
23490000 0.115446
23500000 0.111
23510000 0.114757
23520000 0.108813
23530000 0.116587
23540000 0.117972
23550000 0.11304
23560000 0.111669
23570000 0.107367
23580000 0.10848
23590000 0.12141
23600000 0.117011
23610000 0.12074
23620000 0.113616
23630000 0.115655
23640000 0.118379
23650000 0.121782
23660000 0.119787
23670000 0.117093
23680000 0.117648
23690000 0.118052
23700000 0.114836
23710000 0.113503
23720000 0.117814
23730000 0.118954
23740000 0.12549
23750000 0.12718
23760000 0.118177
23770000 0.115869
23780000 0.121099
23790000 0.119589
23800000 0.11846
23810000 0.121362
23820000 0.129419
23830000 0.126421
23840000 0.126137
23850000 0.118676
23860000 0.1249
23870000 0.124447
23880000 0.122216
23890000 0.122261
23900000 0.123801
23910000 0.119158
23920000 0.118734
23930000 0.119639
23940000 0.120816
23950000 0.114272
23960000 0.116999
23970000 0.116213
23980000 0.118293
23990000 0.115427
24000000 0.125683
24010000 0.115564
24020000 0.126446
24030000 0.122314
24040000 0.125427
24050000 0.12377
24060000 0.132708
24070000 0.132623
24080000 0.129699
24090000 0.122371
24100000 0.119608
24110000 0.123955
24120000 0.12203
24130000 0.120091
24140000 0.124863
24150000 0.116044
24160000 0.117924
24170000 0.126963
24180000 0.123811
24190000 0.123609
24200000 0.119508
24210000 0.124752
24220000 0.123848
24230000 0.135968
24240000 0.127252
24250000 0.134998
24260000 0.130592
24270000 0.12653
24280000 0.136895
24290000 0.132745
24300000 0.129406
24310000 0.139428
24320000 0.141426
24330000 0.146228
24340000 0.151123
24350000 0.140951
24360000 0.13675
24370000 0.135525
24380000 0.14267
24390000 0.145702
24400000 0.146748
24410000 0.139034
24420000 0.132264
24430000 0.136596
24440000 0.132317
24450000 0.138262
24460000 0.138032
24470000 0.132897
24480000 0.13743
24490000 0.134713
24500000 0.144073
24510000 0.143224
24520000 0.139251
24530000 0.138767
24540000 0.139579
24550000 0.144527
24560000 0.139901
24570000 0.132452
24580000 0.131827
24590000 0.136277
24600000 0.132221
24610000 0.133104
24620000 0.130209
24630000 0.137556
24640000 0.138721
24650000 0.136067
24660000 0.141271
24670000 0.141389
24680000 0.140846
24690000 0.141915
24700000 0.13644
24710000 0.135969
24720000 0.14579
24730000 0.14623
24740000 0.143031
24750000 0.140706
24760000 0.142545
24770000 0.129009
24780000 0.134486
24790000 0.136396
24800000 0.13427
24810000 0.133007
24820000 0.125308
24830000 0.131594
24840000 0.142735
24850000 0.136721
24860000 0.140767
24870000 0.148208
24880000 0.141248
24890000 0.143697
24900000 0.137754
24910000 0.139324
24920000 0.138566
24930000 0.14641
24940000 0.145038
24950000 0.145962
24960000 0.142483
24970000 0.14432
24980000 0.145118
24990000 0.138338
25000000 0.142694
25010000 0.143747
25020000 0.1398
25030000 0.146263
25040000 0.14571
25050000 0.146807
25060000 0.15005
25070000 0.148489
25080000 0.152811
25090000 0.152269
25100000 0.159607
25110000 0.157785
25120000 0.157661
25130000 0.158166
25140000 0.154487
25150000 0.154696
25160000 0.157567
25170000 0.15269
25180000 0.150409
25190000 0.159845
25200000 0.156291
25210000 0.14884
25220000 0.149868
25230000 0.151118
25240000 0.153482
25250000 0.153975
25260000 0.147751
25270000 0.148546
25280000 0.157129
25290000 0.154259
25300000 0.150082
25310000 0.154381
25320000 0.157232
25330000 0.157157
25340000 0.151582
25350000 0.158741
25360000 0.153456
25370000 0.152324
25380000 0.151427
25390000 0.151997
25400000 0.157861
25410000 0.160942
25420000 0.153715
25430000 0.153946
25440000 0.158919
25450000 0.157859
25460000 0.155403
25470000 0.152863
25480000 0.149398
25490000 0.151228
25500000 0.150511
25510000 0.151338
25520000 0.147312
25530000 0.152159
25540000 0.148859
25550000 0.157663
25560000 0.159794
25570000 0.170662
25580000 0.163605
25590000 0.159928
25600000 0.165842
25610000 0.165778
25620000 0.161094
25630000 0.156965
25640000 0.164872
25650000 0.163185
25660000 0.162396
25670000 0.161684
25680000 0.160054
25690000 0.158213
25700000 0.165441
25710000 0.161368
25720000 0.159958
25730000 0.16283
25740000 0.165915
25750000 0.167358
25760000 0.168831
25770000 0.162048
25780000 0.158767
25790000 0.168919
25800000 0.171123
25810000 0.171247
25820000 0.176349
25830000 0.166218
25840000 0.17271
25850000 0.172431
25860000 0.169575
25870000 0.169668
25880000 0.16819
25890000 0.166142
25900000 0.171304
25910000 0.176872
25920000 0.170587
25930000 0.177364
25940000 0.174985
25950000 0.175058
25960000 0.175939
25970000 0.176165
25980000 0.179303
25990000 0.175041
26000000 0.171664
26010000 0.16263
26020000 0.163918
26030000 0.166805
26040000 0.163073
26050000 0.167572
26060000 0.178036
26070000 0.173041
26080000 0.166261
26090000 0.165205
26100000 0.167862
26110000 0.162757
26120000 0.163303
26130000 0.162884
26140000 0.169798
26150000 0.171214
26160000 0.17196
26170000 0.174064
26180000 0.175057
26190000 0.175185
26200000 0.162901
26210000 0.173417
26220000 0.170597
26230000 0.167477
26240000 0.164639
26250000 0.167988
26260000 0.174279
26270000 0.1789
26280000 0.167693
26290000 0.167509
26300000 0.179624
26310000 0.172687
26320000 0.176548
26330000 0.17287
26340000 0.176062
26350000 0.172518
26360000 0.176667
26370000 0.17651
26380000 0.178331
26390000 0.1739
26400000 0.179458
26410000 0.175392
26420000 0.171083
26430000 0.176837
26440000 0.168507
26450000 0.172298
26460000 0.176968
26470000 0.170627
26480000 0.171506
26490000 0.177617
26500000 0.179791
26510000 0.17625
26520000 0.181133
26530000 0.176144
26540000 0.184918
26550000 0.180992
26560000 0.184751
26570000 0.177924
26580000 0.181014
26590000 0.181236
26600000 0.175963
26610000 0.176339
26620000 0.175199
26630000 0.182341
26640000 0.184975
26650000 0.18182
26660000 0.184751
26670000 0.184366
26680000 0.186813
26690000 0.186901
26700000 0.187531
26710000 0.189469
26720000 0.184087
26730000 0.185449
26740000 0.182965
26750000 0.185446
26760000 0.191713
26770000 0.189928
26780000 0.188049
26790000 0.194892
26800000 0.192019
26810000 0.191835
26820000 0.203254
26830000 0.200386
26840000 0.196278
26850000 0.196956
26860000 0.196404
26870000 0.199768
26880000 0.197598
26890000 0.199642
26900000 0.199336
26910000 0.194186
26920000 0.192801
26930000 0.188196
26940000 0.185178
26950000 0.185642
26960000 0.181213
26970000 0.181108
26980000 0.181347
26990000 0.182807
27000000 0.186932
27010000 0.182906
27020000 0.189258
27030000 0.186307
27040000 0.183879
27050000 0.187529
27060000 0.181768
27070000 0.187027
27080000 0.182185
27090000 0.188436
27100000 0.196098
27110000 0.187501
27120000 0.192042
27130000 0.197266
27140000 0.199673
27150000 0.191454
27160000 0.197031
27170000 0.197796
27180000 0.199377
27190000 0.189563
27200000 0.203905
27210000 0.203576
27220000 0.193417
27230000 0.19749
27240000 0.200063
27250000 0.197626
27260000 0.196948
27270000 0.200526
27280000 0.202209
27290000 0.198551
27300000 0.196117
27310000 0.196385
27320000 0.194351
27330000 0.190481
27340000 0.196994
27350000 0.199868
27360000 0.197242
27370000 0.200688
27380000 0.195711
27390000 0.198765
27400000 0.197776
27410000 0.199011
27420000 0.20342
27430000 0.202558
27440000 0.197006
27450000 0.198107
27460000 0.2054
27470000 0.208106
27480000 0.209013
27490000 0.200675
27500000 0.202991
27510000 0.198852
27520000 0.205839
27530000 0.204995
27540000 0.207344
27550000 0.206857
27560000 0.207547
27570000 0.204817
27580000 0.209915
27590000 0.204492
27600000 0.201883
27610000 0.210651
27620000 0.203729
27630000 0.205379
27640000 0.213005
27650000 0.214063
27660000 0.212927
27670000 0.212917
27680000 0.209596
27690000 0.213594
27700000 0.205365
27710000 0.211258
27720000 0.204654
27730000 0.203608
27740000 0.212982
27750000 0.205442
27760000 0.218343
27770000 0.208338
27780000 0.211203
27790000 0.216578
27800000 0.215364
27810000 0.215158
27820000 0.214472
27830000 0.207803
27840000 0.214222
27850000 0.21703
27860000 0.208813
27870000 0.208017
27880000 0.213653
27890000 0.21055
27900000 0.207369
27910000 0.207647
27920000 0.203991
27930000 0.201937
27940000 0.207461
27950000 0.20564
27960000 0.20531
27970000 0.201831
27980000 0.208592
27990000 0.203598
28000000 0.206802
28010000 0.206008
28020000 0.211247
28030000 0.208917
28040000 0.205555
28050000 0.208761
28060000 0.202944
28070000 0.209058
28080000 0.21171
28090000 0.218693
28100000 0.217228
28110000 0.210215
28120000 0.21396
28130000 0.209725
28140000 0.200958
28150000 0.208717
28160000 0.210655
28170000 0.215871
28180000 0.214688
28190000 0.22255
28200000 0.225603
28210000 0.234167
28220000 0.229796
28230000 0.237019
28240000 0.228599
28250000 0.233694
28260000 0.234032
28270000 0.232849
28280000 0.24147
28290000 0.240153
28300000 0.237401
28310000 0.222371
28320000 0.21839
28330000 0.229636
28340000 0.228643
28350000 0.219065
28360000 0.224512
28370000 0.219501
28380000 0.232524
28390000 0.228311
28400000 0.227824
28410000 0.220994
28420000 0.226353
28430000 0.227043
28440000 0.23247
28450000 0.224069
28460000 0.227583
28470000 0.225879
28480000 0.222292
28490000 0.233609
28500000 0.2257
28510000 0.232349
28520000 0.228215
28530000 0.224266
28540000 0.216035
28550000 0.222631
28560000 0.223882
28570000 0.23141
28580000 0.228991
28590000 0.229389
28600000 0.229089
28610000 0.23083
28620000 0.230953
28630000 0.231065
28640000 0.235586
28650000 0.227405
28660000 0.22516
28670000 0.227053
28680000 0.231776
28690000 0.240664
28700000 0.241488
28710000 0.236298
28720000 0.241317
28730000 0.241838
28740000 0.239733
28750000 0.240228
28760000 0.249506
28770000 0.254499
28780000 0.250986
28790000 0.248224
28800000 0.250571
28810000 0.254934
28820000 0.24897
28830000 0.24283
28840000 0.238941
28850000 0.235755
28860000 0.246521
28870000 0.241573
28880000 0.245297
28890000 0.250317
28900000 0.253022
28910000 0.24991
28920000 0.252544
28930000 0.244009
28940000 0.251356
28950000 0.250653
28960000 0.260528
28970000 0.257481
28980000 0.254144
28990000 0.253391
29000000 0.251794
29010000 0.244496
29020000 0.255908
29030000 0.259915
29040000 0.253802
29050000 0.251123
29060000 0.25281
29070000 0.260728
29080000 0.255403
29090000 0.260258
29100000 0.261111
29110000 0.262308
29120000 0.267233
29130000 0.258272
29140000 0.256285
29150000 0.257444
29160000 0.264455
29170000 0.256904
29180000 0.261891
29190000 0.257314
29200000 0.260522
29210000 0.266215
29220000 0.266736
29230000 0.266845
29240000 0.266131
29250000 0.263732
29260000 0.263986
29270000 0.266013
29280000 0.271068
29290000 0.268316
29300000 0.274094
29310000 0.267188
29320000 0.271768
29330000 0.272154
29340000 0.271748
29350000 0.272597
29360000 0.274389
29370000 0.275784
29380000 0.275144
29390000 0.277552
29400000 0.282333
29410000 0.278241
29420000 0.276073
29430000 0.278613
29440000 0.276508
29450000 0.271247
29460000 0.273038
29470000 0.272044
29480000 0.272348
29490000 0.281485
29500000 0.282558
29510000 0.283539
29520000 0.286255
29530000 0.280478
29540000 0.277773
29550000 0.27493
29560000 0.286391
29570000 0.282065
29580000 0.28016
29590000 0.279698
29600000 0.286657
29610000 0.286723
29620000 0.290956
29630000 0.289217
29640000 0.294959
29650000 0.288547
29660000 0.28372
29670000 0.291208
29680000 0.287174
29690000 0.295296
29700000 0.297469
29710000 0.296077
29720000 0.288804
29730000 0.290078
29740000 0.288381
29750000 0.292074
29760000 0.297268
29770000 0.301787
29780000 0.290717
29790000 0.289235
29800000 0.287948
29810000 0.285062
29820000 0.28279
29830000 0.284425
29840000 0.28701
29850000 0.286628
29860000 0.292967
29870000 0.285155
29880000 0.287155
29890000 0.287943
29900000 0.298068
29910000 0.290351
29920000 0.295311
29930000 0.289319
29940000 0.287449
29950000 0.287854
29960000 0.28684
29970000 0.281842
29980000 0.28623
29990000 0.281958
30000000 0.281647
30010000 0.287397
30020000 0.286983
30030000 0.286751
30040000 0.292979
30050000 0.290029
30060000 0.287561
30070000 0.292834
30080000 0.297645
30090000 0.294398
30100000 0.295065
30110000 0.295771
30120000 0.303483
30130000 0.293677
30140000 0.29696
30150000 0.290719
30160000 0.293123
30170000 0.288496
30180000 0.30157
30190000 0.302583
30200000 0.301152
30210000 0.307156
30220000 0.298209
30230000 0.301982
30240000 0.302618
30250000 0.303532
30260000 0.298606
30270000 0.293891
30280000 0.295252
30290000 0.294196
30300000 0.298889
30310000 0.301894
30320000 0.300607
30330000 0.299292
30340000 0.307622
30350000 0.307064
30360000 0.304867
30370000 0.30222
30380000 0.306808
30390000 0.306829
30400000 0.306834
30410000 0.307711
30420000 0.305806
30430000 0.308178
30440000 0.308429
30450000 0.309225
30460000 0.306873
30470000 0.301835
30480000 0.30611
30490000 0.314089
30500000 0.316736
30510000 0.316003
30520000 0.316895
30530000 0.319964
30540000 0.324119
30550000 0.313337
30560000 0.311861
30570000 0.307673
30580000 0.316107
30590000 0.319215
30600000 0.316654
30610000 0.31717
30620000 0.324071
30630000 0.320974
30640000 0.316172
30650000 0.320124
30660000 0.320809
30670000 0.317892
30680000 0.329866
30690000 0.323967
30700000 0.322853
30710000 0.325576
30720000 0.321721
30730000 0.33556
30740000 0.330504
30750000 0.330451
30760000 0.327911
30770000 0.326569
30780000 0.32165
30790000 0.323275
30800000 0.320332
30810000 0.317705
30820000 0.324843
30830000 0.321796
30840000 0.321998
30850000 0.313561
30860000 0.315259
30870000 0.319524
30880000 0.318858
30890000 0.326861
30900000 0.319744
30910000 0.323413
30920000 0.326145
30930000 0.3304
30940000 0.323365
30950000 0.323383
30960000 0.329855
30970000 0.330129
30980000 0.327599
30990000 0.32642
31000000 0.329822
31010000 0.327895
31020000 0.328878
31030000 0.3269
31040000 0.319645
31050000 0.33184
31060000 0.32845
31070000 0.329737
31080000 0.334543
31090000 0.332216
31100000 0.33203
31110000 0.336718
31120000 0.335202
31130000 0.338474
31140000 0.333228
31150000 0.33381
31160000 0.335459
31170000 0.334508
31180000 0.337446
31190000 0.334642
31200000 0.336804
31210000 0.339043
31220000 0.33
31230000 0.331138
31240000 0.338652
31250000 0.3356
31260000 0.338198
31270000 0.339979
31280000 0.336319
31290000 0.342452
31300000 0.342282
31310000 0.340256
31320000 0.341744
31330000 0.340947
31340000 0.343809
31350000 0.346694
31360000 0.349571
31370000 0.34559
31380000 0.341933
31390000 0.336492
31400000 0.343533
31410000 0.339442
31420000 0.337098
31430000 0.336802
31440000 0.337674
31450000 0.343146
31460000 0.343035
31470000 0.333536
31480000 0.343501
31490000 0.342497
31500000 0.340402
31510000 0.34513
31520000 0.343667
31530000 0.34061
31540000 0.338482
31550000 0.346828
31560000 0.350716
31570000 0.345392
31580000 0.351961
31590000 0.348575
31600000 0.352891
31610000 0.357695
31620000 0.360681
31630000 0.358579
31640000 0.351208
31650000 0.352707
31660000 0.35388
31670000 0.359605
31680000 0.357938
31690000 0.352196
31700000 0.35056
31710000 0.353627
31720000 0.356416
31730000 0.352435
31740000 0.352515
31750000 0.351907
31760000 0.352096
31770000 0.348988
31780000 0.356969
31790000 0.360256
31800000 0.365409
31810000 0.366296
31820000 0.36532
31830000 0.359956
31840000 0.360502
31850000 0.361948
31860000 0.362877
31870000 0.35849
31880000 0.356112
31890000 0.364214
31900000 0.35994
31910000 0.367166
31920000 0.368354
31930000 0.365528
31940000 0.366227
31950000 0.37361
31960000 0.378077
31970000 0.372645
31980000 0.368938
31990000 0.375594
32000000 0.373127
32010000 0.364436
32020000 0.369888
32030000 0.368608
32040000 0.370662
32050000 0.369451
32060000 0.369427
32070000 0.365847
32080000 0.365827
32090000 0.366387
32100000 0.367142
32110000 0.376657
32120000 0.37389
32130000 0.372127
32140000 0.375617
32150000 0.371566
32160000 0.370885
32170000 0.374506
32180000 0.374544
32190000 0.378782
32200000 0.376059
32210000 0.376849
32220000 0.377267
32230000 0.377659
32240000 0.375255
32250000 0.375411
32260000 0.373253
32270000 0.374002
32280000 0.371953
32290000 0.375048
32300000 0.370562
32310000 0.372996
32320000 0.380335
32330000 0.377382
32340000 0.373973
32350000 0.372368
32360000 0.376693
32370000 0.364754
32380000 0.366351
32390000 0.368042
32400000 0.368476
32410000 0.366851
32420000 0.371558
32430000 0.375006
32440000 0.375985
32450000 0.37935
32460000 0.375267
32470000 0.366958
32480000 0.368644
32490000 0.380286
32500000 0.38178
32510000 0.378909
32520000 0.38148
32530000 0.381144
32540000 0.380647
32550000 0.379894
32560000 0.385124
32570000 0.370817
32580000 0.372648
32590000 0.375707
32600000 0.368746
32610000 0.378269
32620000 0.376219
32630000 0.373968
32640000 0.374302
32650000 0.37792
32660000 0.378641
32670000 0.378815
32680000 0.378035
32690000 0.375095
32700000 0.381654
32710000 0.373212
32720000 0.381053
32730000 0.379836
32740000 0.379457
32750000 0.38071
32760000 0.383234
32770000 0.379013
32780000 0.377305
32790000 0.384795
32800000 0.385113
32810000 0.384223
32820000 0.389248
32830000 0.383864
32840000 0.380696
32850000 0.381234
32860000 0.387049
32870000 0.383089
32880000 0.382181
32890000 0.385722
32900000 0.386867
32910000 0.380481
32920000 0.384765
32930000 0.386997
32940000 0.393107
32950000 0.393707
32960000 0.383353
32970000 0.393015
32980000 0.388864
32990000 0.390638
33000000 0.392667
33010000 0.386613
33020000 0.383714
33030000 0.38126
33040000 0.372593
33050000 0.385143
33060000 0.383615
33070000 0.38582
33080000 0.386785
33090000 0.387515
33100000 0.385752
33110000 0.386517
33120000 0.386188
33130000 0.392968
33140000 0.397359
33150000 0.391208
33160000 0.398019
33170000 0.40093
33180000 0.399027
33190000 0.400925
33200000 0.400769
33210000 0.39757
33220000 0.398503
33230000 0.405834
33240000 0.405046
33250000 0.399713
33260000 0.396439
33270000 0.399176
33280000 0.391489
33290000 0.398077
33300000 0.401407
33310000 0.40113
33320000 0.398984
33330000 0.401186
33340000 0.404338
33350000 0.406879
33360000 0.404782
33370000 0.406449
33380000 0.401015
33390000 0.397929
33400000 0.397938
33410000 0.40313
33420000 0.408185
33430000 0.403566
33440000 0.411702
33450000 0.413217
33460000 0.406846
33470000 0.406066
33480000 0.417188
33490000 0.415031
33500000 0.413991
33510000 0.415919
33520000 0.420675
33530000 0.412201
33540000 0.405039
33550000 0.410608
33560000 0.413433
33570000 0.414255
33580000 0.411666
33590000 0.41209
33600000 0.408142
33610000 0.409765
33620000 0.412484
33630000 0.41321
33640000 0.417165
33650000 0.414162
33660000 0.410731
33670000 0.415922
33680000 0.416551
33690000 0.419661
33700000 0.420648
33710000 0.423303
33720000 0.421852
33730000 0.422338
33740000 0.430413
33750000 0.425395
33760000 0.427365
33770000 0.425205
33780000 0.423318
33790000 0.419092
33800000 0.422584
33810000 0.429235
33820000 0.424131
33830000 0.425501
33840000 0.420706
33850000 0.420212
33860000 0.410813
33870000 0.424122
33880000 0.419016
33890000 0.413037
33900000 0.426632
33910000 0.415147
33920000 0.413891
33930000 0.417277
33940000 0.409359
33950000 0.409046
33960000 0.418318
33970000 0.426018
33980000 0.420272
33990000 0.421192
34000000 0.416482
34010000 0.41241
34020000 0.417902
34030000 0.42028
34040000 0.425525
34050000 0.428687
34060000 0.431455
34070000 0.422762
34080000 0.427547
34090000 0.440814
34100000 0.43359
34110000 0.43133
34120000 0.432679
34130000 0.430843
34140000 0.440021
34150000 0.440135
34160000 0.437232
34170000 0.433565
34180000 0.437877
34190000 0.436418
34200000 0.432988
34210000 0.436188
34220000 0.437753
34230000 0.437044
34240000 0.43454
34250000 0.443238
34260000 0.438464
34270000 0.438117
34280000 0.441156
34290000 0.440628
34300000 0.432757
34310000 0.43992
34320000 0.438079
34330000 0.435698
34340000 0.436282
34350000 0.429487
34360000 0.434871
34370000 0.43102
34380000 0.424798
34390000 0.431102
34400000 0.432047
34410000 0.43189
34420000 0.428877
34430000 0.425353
34440000 0.429446
34450000 0.42732
34460000 0.428554
34470000 0.429954
34480000 0.429941
34490000 0.437118
34500000 0.438301
34510000 0.434311
34520000 0.433895
34530000 0.436207
34540000 0.42961
34550000 0.428734
34560000 0.428681
34570000 0.425027
34580000 0.438333
34590000 0.437252
34600000 0.445215
34610000 0.443003
34620000 0.44679
34630000 0.446115
34640000 0.448917
34650000 0.448855
34660000 0.4523
34670000 0.445705
34680000 0.441154
34690000 0.448739
34700000 0.448411
34710000 0.450333
34720000 0.449051
34730000 0.43884
34740000 0.441693
34750000 0.447342
34760000 0.441933
34770000 0.442118
34780000 0.448795
34790000 0.44818
34800000 0.4449
34810000 0.445145
34820000 0.453252
34830000 0.452963
34840000 0.454038
34850000 0.457709
34860000 0.450873
34870000 0.458194
34880000 0.46964
34890000 0.464667
34900000 0.461033
34910000 0.463017
34920000 0.453709
34930000 0.457036
34940000 0.45965
34950000 0.462379
34960000 0.463129
34970000 0.459066
34980000 0.460445
34990000 0.459097
35000000 0.464596
35010000 0.462709
35020000 0.45954
35030000 0.454902
35040000 0.457697
35050000 0.458041
35060000 0.458812
35070000 0.455696
35080000 0.458256
35090000 0.461591
35100000 0.454277
35110000 0.460517
35120000 0.473012
35130000 0.469235
35140000 0.467283
35150000 0.460872
35160000 0.464003
35170000 0.463611
35180000 0.46092
35190000 0.460704
35200000 0.466327
35210000 0.461975
35220000 0.45765
35230000 0.464983
35240000 0.462529
35250000 0.455962
35260000 0.465123
35270000 0.46996
35280000 0.470897
35290000 0.463993
35300000 0.46096
35310000 0.468471
35320000 0.46976
35330000 0.47596
35340000 0.468657
35350000 0.469227
35360000 0.467349
35370000 0.461313
35380000 0.466944
35390000 0.464633
35400000 0.469434
35410000 0.46712
35420000 0.463189
35430000 0.472339
35440000 0.471211
35450000 0.465976
35460000 0.463036
35470000 0.472009
35480000 0.469159
35490000 0.467876
35500000 0.473235
35510000 0.463167
35520000 0.465425
35530000 0.46176
35540000 0.461481
35550000 0.459341
35560000 0.459679
35570000 0.466485
35580000 0.464239
35590000 0.460665
35600000 0.459449
35610000 0.46657
35620000 0.465819
35630000 0.461866
35640000 0.469678
35650000 0.469838
35660000 0.465673
35670000 0.474331
35680000 0.473392
35690000 0.468111
35700000 0.474827
35710000 0.476096
35720000 0.465119
35730000 0.470195
35740000 0.461462
35750000 0.469615
35760000 0.466924
35770000 0.462336
35780000 0.461296
35790000 0.466353
35800000 0.473579
35810000 0.472205
35820000 0.471114
35830000 0.47627
35840000 0.478928
35850000 0.475082
35860000 0.472572
35870000 0.471686
35880000 0.475332
35890000 0.466816
35900000 0.473091
35910000 0.472453
35920000 0.47592
35930000 0.478939
35940000 0.478312
35950000 0.4838
35960000 0.478016
35970000 0.473726
35980000 0.470168
35990000 0.482929
36000000 0.481107
36010000 0.483189
36020000 0.485811
36030000 0.4735
36040000 0.473966
36050000 0.475985
36060000 0.475829
36070000 0.47319
36080000 0.469195
36090000 0.478172
36100000 0.482607
36110000 0.486744
36120000 0.483444
36130000 0.485931
36140000 0.480768
36150000 0.490594
36160000 0.484091
36170000 0.483227
36180000 0.481769
36190000 0.478694
36200000 0.489518
36210000 0.48212
36220000 0.480911
36230000 0.485391
36240000 0.484929
36250000 0.486707
36260000 0.492785
36270000 0.485652
36280000 0.48465
36290000 0.488202
36300000 0.487755
36310000 0.484926
36320000 0.483471
36330000 0.477112
36340000 0.48051
36350000 0.479364
36360000 0.478441
36370000 0.484911
36380000 0.481896
36390000 0.483533
36400000 0.485005
36410000 0.488494
36420000 0.48508
36430000 0.477594
36440000 0.483719
36450000 0.485886
36460000 0.490299
36470000 0.485377
36480000 0.493166
36490000 0.486835
36500000 0.482361
36510000 0.487475
36520000 0.487201
36530000 0.48392
36540000 0.483411
36550000 0.487288
36560000 0.491103
36570000 0.488194
36580000 0.484472
36590000 0.490556
36600000 0.490167
36610000 0.491724
36620000 0.490159
36630000 0.485926
36640000 0.490293
36650000 0.493617
36660000 0.480535
36670000 0.480061
36680000 0.486741
36690000 0.491151
36700000 0.483957
36710000 0.485359
36720000 0.477633
36730000 0.483131
36740000 0.482405
36750000 0.480337
36760000 0.481494
36770000 0.48152
36780000 0.481901
36790000 0.486176
36800000 0.479328
36810000 0.483622
36820000 0.485166
36830000 0.487372
36840000 0.48044
36850000 0.485008
36860000 0.479266
36870000 0.48289
36880000 0.483971
36890000 0.484902
36900000 0.489891
36910000 0.489438
36920000 0.493871
36930000 0.494051
36940000 0.484904
36950000 0.482827
36960000 0.487978
36970000 0.488636
36980000 0.494824
36990000 0.493107
37000000 0.493636
37010000 0.488069
37020000 0.482526
37030000 0.486934
37040000 0.483836
37050000 0.490407
37060000 0.495091
37070000 0.492444
37080000 0.485685
37090000 0.495335
37100000 0.497327
37110000 0.492999
37120000 0.498602
37130000 0.493825
37140000 0.499837
37150000 0.492541
37160000 0.504335
37170000 0.495778
37180000 0.499926
37190000 0.491477
37200000 0.490778
37210000 0.491734
37220000 0.491018
37230000 0.490991
37240000 0.494699
37250000 0.494666
37260000 0.495359
37270000 0.497242
37280000 0.499306
37290000 0.500713
37300000 0.501021
37310000 0.494792
37320000 0.501526
37330000 0.500515
37340000 0.500601
37350000 0.501834
37360000 0.50251
37370000 0.505325
37380000 0.512114
37390000 0.504081
37400000 0.510094
37410000 0.507038
37420000 0.512608
37430000 0.508944
37440000 0.499523
37450000 0.502004
37460000 0.50176
37470000 0.502953
37480000 0.499384
37490000 0.49893
37500000 0.502979
37510000 0.505134
37520000 0.507237
37530000 0.502479
37540000 0.500728
37550000 0.504629
37560000 0.50982
37570000 0.500664
37580000 0.497447
37590000 0.503208
37600000 0.503388
37610000 0.504339
37620000 0.512651
37630000 0.510917
37640000 0.505058
37650000 0.50369
37660000 0.49831
37670000 0.504389
37680000 0.501008
37690000 0.504234
37700000 0.505558
37710000 0.504123
37720000 0.496676
37730000 0.501886
37740000 0.505586
37750000 0.512516
37760000 0.507049
37770000 0.506537
37780000 0.509629
37790000 0.503077
37800000 0.498914
37810000 0.500384
37820000 0.506856
37830000 0.50882
37840000 0.513899
37850000 0.505206
37860000 0.504325
37870000 0.503782
37880000 0.497945
37890000 0.501788
37900000 0.502952
37910000 0.501307
37920000 0.509798
37930000 0.510421
37940000 0.511301
37950000 0.506984
37960000 0.513224
37970000 0.520525
37980000 0.51321
37990000 0.514002
38000000 0.517553
38010000 0.518011
38020000 0.510824
38030000 0.507425
38040000 0.512892
38050000 0.510393
38060000 0.510077
38070000 0.5106
38080000 0.515442
38090000 0.50932
38100000 0.516458
38110000 0.518765
38120000 0.510285
38130000 0.506922
38140000 0.513769
38150000 0.510266
38160000 0.504188
38170000 0.509529
38180000 0.51197
38190000 0.512272
38200000 0.518691
38210000 0.513139
38220000 0.518618
38230000 0.516682
38240000 0.517004
38250000 0.513937
38260000 0.51342
38270000 0.517505
38280000 0.519768
38290000 0.515318
38300000 0.51465
38310000 0.521999
38320000 0.518245
38330000 0.516365
38340000 0.511998
38350000 0.513637
38360000 0.514026
38370000 0.516284
38380000 0.516893
38390000 0.522697
38400000 0.51386
38410000 0.520052
38420000 0.517293
38430000 0.515582
38440000 0.510512
38450000 0.511157
38460000 0.513541
38470000 0.521593
38480000 0.522531
38490000 0.524064
38500000 0.528193
38510000 0.525838
38520000 0.52376
38530000 0.52394
38540000 0.52834
38550000 0.530484
38560000 0.535251
38570000 0.534216
38580000 0.533106
38590000 0.530763
38600000 0.526967
38610000 0.528154
38620000 0.527165
38630000 0.529548
38640000 0.531049
38650000 0.527161
38660000 0.534081
38670000 0.531823
38680000 0.531411
38690000 0.532412
38700000 0.532055
38710000 0.536983
38720000 0.534976
38730000 0.535368
38740000 0.537056
38750000 0.532708
38760000 0.533193
38770000 0.531991
38780000 0.530613
38790000 0.539152
38800000 0.54001
38810000 0.538402
38820000 0.536387
38830000 0.53351
38840000 0.536923
38850000 0.538728
38860000 0.54127
38870000 0.536455
38880000 0.540877
38890000 0.536295
38900000 0.534976
38910000 0.537895
38920000 0.541958
38930000 0.53815
38940000 0.537911
38950000 0.540779
38960000 0.54257
38970000 0.542917
38980000 0.542497
38990000 0.545762
39000000 0.545881
39010000 0.54314
39020000 0.544777
39030000 0.544449
39040000 0.553272
39050000 0.551861
39060000 0.554426
39070000 0.543765
39080000 0.543663
39090000 0.546083
39100000 0.544352
39110000 0.540944
39120000 0.545441
39130000 0.547254
39140000 0.542293
39150000 0.551468
39160000 0.546033
39170000 0.547222
39180000 0.547193
39190000 0.558443
39200000 0.559883
39210000 0.55579
39220000 0.553352
39230000 0.553536
39240000 0.551546
39250000 0.558371
39260000 0.558336
39270000 0.558102
39280000 0.552751
39290000 0.562208
39300000 0.56217
39310000 0.56011
39320000 0.559405
39330000 0.565687
39340000 0.561343
39350000 0.558258
39360000 0.545136
39370000 0.553365
39380000 0.555745
39390000 0.554746
39400000 0.559178
39410000 0.558713
39420000 0.559497
39430000 0.560884
39440000 0.558436
39450000 0.558785
39460000 0.561764
39470000 0.563468
39480000 0.565231
39490000 0.558343
39500000 0.564319
39510000 0.566601
39520000 0.568778
39530000 0.568554
39540000 0.569469
39550000 0.568354
39560000 0.56914
39570000 0.566629
39580000 0.56838
39590000 0.563901
39600000 0.566896
39610000 0.570183
39620000 0.56576
39630000 0.56325
39640000 0.568535
39650000 0.563048
39660000 0.560731
39670000 0.564382
39680000 0.560298
39690000 0.563309
39700000 0.551141
39710000 0.559343
39720000 0.569222
39730000 0.566684
39740000 0.568667
39750000 0.565414
39760000 0.568535
39770000 0.567464
39780000 0.564792
39790000 0.56149
39800000 0.565498
39810000 0.568821
39820000 0.554576
39830000 0.567845
39840000 0.559859
39850000 0.55966
39860000 0.560006
39870000 0.563781
39880000 0.567435
39890000 0.566361
39900000 0.571931
39910000 0.571653
39920000 0.573184
39930000 0.572795
39940000 0.566416
39950000 0.571453
39960000 0.576451
39970000 0.58224
39980000 0.575395
39990000 0.576407
40000000 0.578316
