0 1.84824e-05
10000 1.61164e-06
20000 3.14508e-05
30000 -2.54189e-05
40000 -1.72574e-05
50000 -2.61205e-05
60000 3.89644e-05
70000 -3.05733e-05
80000 0.000113496
90000 -9.05815e-05
100000 -9.7425e-05
110000 5.78242e-05
120000 2.85165e-05
130000 3.34316e-06
140000 0.000160651
150000 1.12189e-05
160000 2.77593e-05
170000 2.93561e-06
180000 4.02115e-05
190000 4.43055e-05
200000 5.62664e-05
210000 2.40149e-05
220000 0.000143061
230000 8.62064e-05
240000 0.000172902
250000 0.000211206
260000 0.000113725
270000 7.62128e-05
280000 0.000305447
290000 0.000258134
300000 1.17529e-05
310000 -0.000124275
320000 0.000183132
330000 0.00010276
340000 -6.90892e-05
350000 0.000194789
360000 -4.58986e-05
370000 4.8194e-05
380000 6.32361e-05
390000 0.000959803
400000 0.000626539
410000 5.68869e-06
420000 0.000340784
430000 3.96008e-05
440000 8.90114e-05
450000 0.000125093
460000 9.4646e-05
470000 2.50611e-05
480000 -4.2778e-05
490000 8.60292e-05
500000 0.000181035
510000 7.89321e-05
520000 0.000154515
530000 0.000175433
540000 0.000167963
550000 0.000310252
560000 0.000228594
570000 0.000583956
580000 0.000119818
590000 0.000629518
600000 0.000728902
610000 0.000169453
620000 1.34662e-06
630000 0.000503142
640000 0.000285934
650000 0.000337487
660000 0.000234602
670000 0.000351057
680000 0.000388845
690000 0.000115821
700000 0.000246966
710000 0.00047343
720000 0.000606997
730000 0.000306594
740000 0.000478344
750000 0.000480569
760000 0.00048086
770000 0.00016025
780000 0.000598096
790000 0.000888144
800000 0.000952671
810000 0.000435856
820000 0.000554585
830000 0.000235989
840000 0.000746244
850000 0.000878135
860000 0.00033582
870000 0.00111904
880000 0.000878696
890000 0.00131748
900000 0.000766476
910000 0.000755385
920000 0.00105048
930000 0.000922836
940000 0.0012205
950000 0.00129383
960000 0.00155829
970000 0.00111792
980000 0.00114189
990000 0.00122289
1000000 0.00064371
1010000 0.00115044
1020000 0.00110349
1030000 0.00128284
1040000 0.000674506
1050000 0.00242135
1060000 0.00155901
1070000 0.00143184
1080000 0.00119342
1090000 0.00128316
1100000 0.001675
1110000 0.00153004
1120000 0.00186562
1130000 0.00150873
1140000 0.00140127
1150000 0.00224766
1160000 0.00200884
1170000 0.00210664
1180000 0.0022447
1190000 0.00211726
1200000 0.00170412
1210000 0.0033286
1220000 0.00263024
1230000 0.00311995
1240000 0.0025443
1250000 0.00208382
1260000 0.00321794
1270000 0.00387254
1280000 0.00260779
1290000 0.00240526
1300000 0.00155387
1310000 0.00275048
1320000 0.0031978
1330000 0.00259025
1340000 0.00251803
1350000 0.00187316
1360000 0.00331297
1370000 0.00277456
1380000 0.00337232
1390000 0.00194273
1400000 0.00149007
1410000 0.00316061
1420000 0.00366764
1430000 0.00305884
1440000 0.00399465
1450000 0.00260078
1460000 0.00379986
1470000 0.00362813
1480000 0.00345229
1490000 0.00278933
1500000 0.00351527
1510000 0.00292126
1520000 0.00396271
1530000 0.00242249
1540000 0.00353813
1550000 0.00299527
1560000 0.00256939
1570000 0.00350229
1580000 0.00368995
1590000 0.00354898
1600000 0.00599749
1610000 0.00468952
1620000 0.00347764
1630000 0.00600719
1640000 0.00444857
1650000 0.00355808
1660000 0.00514333
1670000 0.00449506
1680000 0.00596973
1690000 0.00513983
1700000 0.00520146
1710000 0.00401451
1720000 0.00773871
1730000 0.00725804
1740000 0.00544277
1750000 0.00557612
1760000 0.00660898
1770000 0.00576297
1780000 0.00652378
1790000 0.00447526
1800000 0.00859038
1810000 0.00783046
1820000 0.0074338
1830000 0.00861678
1840000 0.00606515
1850000 0.00664111
1860000 0.00692408
1870000 0.00631135
1880000 0.00975484
1890000 0.00880125
1900000 0.010158
1910000 0.00709558
1920000 0.00774676
1930000 0.00887219
1940000 0.0066662
1950000 0.00895249
1960000 0.00824399
1970000 0.00873829
1980000 0.0091511
1990000 0.0110081
2000000 0.0084006
2010000 0.00851927
2020000 0.00851428
2030000 0.00784439
2040000 0.00740739
2050000 0.0105275
2060000 0.00935331
2070000 0.00952986
2080000 0.011201
2090000 0.0117812
2100000 0.0104659
2110000 0.0105607
2120000 0.0109577
2130000 0.0107389
2140000 0.0117857
2150000 0.0153389
2160000 0.0113018
2170000 0.0126459
2180000 0.0111813
2190000 0.0130357
2200000 0.0116389
2210000 0.0170347
2220000 0.0141439
2230000 0.012289
2240000 0.0127536
2250000 0.0133551
2260000 0.0161724
2270000 0.0164095
2280000 0.0167285
2290000 0.0160652
2300000 0.0170309
2310000 0.0179843
2320000 0.0159531
2330000 0.0148335
2340000 0.0143331
2350000 0.0167503
2360000 0.015658
2370000 0.0167434
2380000 0.0172403
2390000 0.01445
2400000 0.0174042
2410000 0.0217601
2420000 0.0174555
2430000 0.0179161
2440000 0.0208738
2450000 0.0211633
2460000 0.0181443
2470000 0.0167586
2480000 0.0206998
2490000 0.0231235
2500000 0.0229256
2510000 0.0224315
2520000 0.0215902
2530000 0.0219795
2540000 0.0232346
2550000 0.0204233
2560000 0.0240965
2570000 0.0216087
2580000 0.0227556
2590000 0.0205885
2600000 0.0243346
2610000 0.0274456
2620000 0.0235483
2630000 0.0241156
2640000 0.0198573
2650000 0.0198202
2660000 0.0194773
2670000 0.0258098
2680000 0.0206364
2690000 0.0221896
2700000 0.0239637
2710000 0.0201228
2720000 0.0243903
2730000 0.0233221
2740000 0.024821
2750000 0.0287069
2760000 0.0254378
2770000 0.0250004
2780000 0.0240057
2790000 0.030225
2800000 0.0304252
2810000 0.0299481
2820000 0.0289408
2830000 0.0305143
2840000 0.0318598
2850000 0.0328896
2860000 0.0275403
2870000 0.0287925
2880000 0.0320317
2890000 0.0302988
2900000 0.0336918
2910000 0.0309066
2920000 0.0323273
2930000 0.0318585
2940000 0.0308776
2950000 0.0332755
2960000 0.0342005
2970000 0.0408035
2980000 0.0410212
2990000 0.0386183
3000000 0.0359777
3010000 0.0370195
3020000 0.0418095
3030000 0.0405283
3040000 0.0416163
3050000 0.0434275
3060000 0.0480755
3070000 0.0491095
3080000 0.0479535
3090000 0.0504751
3100000 0.0494247
3110000 0.0454061
3120000 0.0488005
3130000 0.0496458
3140000 0.0472135
3150000 0.0502035
3160000 0.0505976
3170000 0.049853
3180000 0.0528101
3190000 0.052375
3200000 0.0549132
3210000 0.0573036
3220000 0.0573841
3230000 0.0553506
3240000 0.0527986
3250000 0.0506334
3260000 0.0501082
3270000 0.0546257
3280000 0.0522024
3290000 0.0583428
3300000 0.0528984
3310000 0.059468
3320000 0.0639416
3330000 0.0658577
3340000 0.0649869
3350000 0.0664971
3360000 0.0742597
3370000 0.072376
3380000 0.0696204
3390000 0.0701114
3400000 0.0744637
3410000 0.0786045
3420000 0.0778621
3430000 0.0764633
3440000 0.0837754
3450000 0.0794178
3460000 0.0751754
3470000 0.0801652
3480000 0.0839451
3490000 0.0816448
3500000 0.0850247
3510000 0.0857935
3520000 0.0887359
3530000 0.0881713
3540000 0.0916324
3550000 0.0954226
3560000 0.0969513
3570000 0.0984952
3580000 0.0987839
3590000 0.104366
3600000 0.108706
3610000 0.0969423
3620000 0.102164
3630000 0.111111
3640000 0.104874
3650000 0.112813
3660000 0.112258
3670000 0.119919
3680000 0.119469
3690000 0.11922
3700000 0.116
3710000 0.123596
3720000 0.124888
3730000 0.123436
3740000 0.130398
3750000 0.134096
3760000 0.134286
3770000 0.13529
3780000 0.136271
3790000 0.133722
3800000 0.142751
3810000 0.141563
3820000 0.139302
3830000 0.140373
3840000 0.142762
3850000 0.149547
3860000 0.148389
3870000 0.15062
3880000 0.150996
3890000 0.153486
3900000 0.163182
3910000 0.172289
3920000 0.177683
3930000 0.177124
3940000 0.172536
3950000 0.176624
3960000 0.179231
3970000 0.18493
3980000 0.185712
3990000 0.185511
4000000 0.19053
4010000 0.18954
4020000 0.179219
4030000 0.188059
4040000 0.183561
4050000 0.19257
4060000 0.195038
4070000 0.202776
4080000 0.202999
4090000 0.203681
4100000 0.210989
4110000 0.214267
4120000 0.216731
4130000 0.211815
4140000 0.206565
4150000 0.212448
4160000 0.217519
4170000 0.208792
4180000 0.209201
4190000 0.208837
4200000 0.21149
4210000 0.212965
4220000 0.213377
4230000 0.218109
4240000 0.216274
4250000 0.225054
4260000 0.224971
4270000 0.222783
4280000 0.220544
4290000 0.221273
4300000 0.236313
4310000 0.230709
4320000 0.237186
4330000 0.23183
4340000 0.242936
4350000 0.240215
4360000 0.242971
4370000 0.241952
4380000 0.246443
4390000 0.235735
4400000 0.246127
4410000 0.249533
4420000 0.255234
4430000 0.254089
4440000 0.244757
4450000 0.25189
4460000 0.257025
4470000 0.258139
4480000 0.264861
4490000 0.263377
4500000 0.263313
4510000 0.259881
4520000 0.262385
4530000 0.266292
4540000 0.274276
4550000 0.271608
4560000 0.273046
4570000 0.27157
4580000 0.268135
4590000 0.271652
4600000 0.274799
4610000 0.278141
4620000 0.290164
4630000 0.289831
4640000 0.286671
4650000 0.287269
4660000 0.291868
4670000 0.297852
4680000 0.296666
4690000 0.291931
4700000 0.307851
4710000 0.314241
4720000 0.29873
4730000 0.307537
4740000 0.303136
4750000 0.307751
4760000 0.300794
4770000 0.303963
4780000 0.318737
4790000 0.324502
4800000 0.322897
4810000 0.318196
4820000 0.319785
4830000 0.317803
4840000 0.323799
4850000 0.33222
4860000 0.333144
4870000 0.335945
4880000 0.331234
4890000 0.330672
4900000 0.33688
4910000 0.336343
4920000 0.337794
4930000 0.343235
4940000 0.340084
4950000 0.345294
4960000 0.34498
4970000 0.355817
4980000 0.355238
4990000 0.348022
5000000 0.353705
5010000 0.353134
5020000 0.362104
5030000 0.36572
5040000 0.370209
5050000 0.368796
5060000 0.37233
5070000 0.37189
5080000 0.365875
5090000 0.364134
5100000 0.375583
5110000 0.374659
5120000 0.388736
5130000 0.382989
5140000 0.38836
5150000 0.384829
5160000 0.378432
5170000 0.385063
5180000 0.390349
5190000 0.38017
5200000 0.386315
5210000 0.404566
5220000 0.395684
5230000 0.388607
5240000 0.398056
5250000 0.399712
5260000 0.405581
5270000 0.408565
5280000 0.40487
5290000 0.401607
5300000 0.399137
5310000 0.411679
5320000 0.415053
5330000 0.408116
5340000 0.412952
5350000 0.414219
5360000 0.41934
5370000 0.421024
5380000 0.413329
5390000 0.419377
5400000 0.420014
5410000 0.41224
5420000 0.424021
5430000 0.440564
5440000 0.42939
5450000 0.427993
5460000 0.426834
5470000 0.432147
5480000 0.431197
5490000 0.428052
5500000 0.428564
5510000 0.433506
5520000 0.433387
5530000 0.433922
5540000 0.434308
5550000 0.435518
5560000 0.435395
5570000 0.440253
5580000 0.445151
5590000 0.438254
5600000 0.440712
5610000 0.449046
5620000 0.457092
5630000 0.4491
5640000 0.456303
5650000 0.458867
5660000 0.463099
5670000 0.467302
5680000 0.460997
5690000 0.466024
5700000 0.455276
5710000 0.463027
5720000 0.471159
5730000 0.466748
5740000 0.474537
5750000 0.472768
5760000 0.472456
5770000 0.480594
5780000 0.47699
5790000 0.477687
5800000 0.468611
5810000 0.47712
5820000 0.471003
5830000 0.474608
5840000 0.481425
5850000 0.492264
5860000 0.484454
5870000 0.484697
5880000 0.496059
5890000 0.49103
5900000 0.491144
5910000 0.493634
5920000 0.494001
5930000 0.499395
5940000 0.496277
5950000 0.495595
5960000 0.501353
5970000 0.502513
5980000 0.510663
5990000 0.502804
6000000 0.506309
6010000 0.506319
6020000 0.507806
6030000 0.515403
6040000 0.514285
6050000 0.520327
6060000 0.520768
6070000 0.517624
6080000 0.514675
6090000 0.516979
6100000 0.516612
6110000 0.526687
6120000 0.527389
6130000 0.525337
6140000 0.531414
6150000 0.524143
6160000 0.520182
6170000 0.524213
6180000 0.524785
6190000 0.529903
6200000 0.538102
6210000 0.535631
6220000 0.534752
6230000 0.536011
6240000 0.539804
6250000 0.549336
6260000 0.559586
6270000 0.544344
6280000 0.553303
6290000 0.555997
6300000 0.558299
6310000 0.557825
6320000 0.561117
6330000 0.554416
6340000 0.557121
6350000 0.554974
6360000 0.549642
6370000 0.552378
6380000 0.561957
6390000 0.560152
6400000 0.565772
6410000 0.566055
6420000 0.564977
6430000 0.564719
6440000 0.561895
6450000 0.568223
6460000 0.568243
6470000 0.566436
6480000 0.57134
6490000 0.57555
6500000 0.572039
6510000 0.571198
6520000 0.567623
6530000 0.568122
6540000 0.576847
6550000 0.576573
6560000 0.578064
6570000 0.574046
6580000 0.575842
6590000 0.580033
6600000 0.581034
6610000 0.58276
6620000 0.584465
6630000 0.58636
6640000 0.583401
6650000 0.58361
6660000 0.592044
6670000 0.588635
6680000 0.590627
6690000 0.586221
6700000 0.58683
6710000 0.583777
6720000 0.586916
6730000 0.585424
6740000 0.585748
6750000 0.579388
6760000 0.585386
6770000 0.581709
6780000 0.587224
6790000 0.588792
6800000 0.58989
6810000 0.58979
6820000 0.599448
6830000 0.592974
6840000 0.591912
6850000 0.599159
6860000 0.604802
6870000 0.598053
6880000 0.605117
6890000 0.607738
6900000 0.613929
6910000 0.608847
6920000 0.605783
6930000 0.611366
6940000 0.615843
6950000 0.614636
6960000 0.609619
6970000 0.610428
6980000 0.616814
6990000 0.609444
7000000 0.612676
7010000 0.615152
7020000 0.614372
7030000 0.620151
7040000 0.614089
7050000 0.612716
7060000 0.620809
7070000 0.623805
7080000 0.617155
7090000 0.628006
7100000 0.617434
7110000 0.621006
7120000 0.626415
7130000 0.630695
7140000 0.627896
7150000 0.635972
7160000 0.635283
7170000 0.624609
7180000 0.636818
7190000 0.62328
7200000 0.627383
7210000 0.629507
7220000 0.628365
7230000 0.630406
7240000 0.632604
7250000 0.635404
7260000 0.635704
7270000 0.629033
7280000 0.636843
7290000 0.639531
7300000 0.64094
7310000 0.639353
7320000 0.636728
7330000 0.637612
7340000 0.637662
7350000 0.643967
7360000 0.64388
7370000 0.640727
7380000 0.647985
7390000 0.652351
7400000 0.64998
7410000 0.647619
7420000 0.646179
7430000 0.648843
7440000 0.647983
7450000 0.648095
7460000 0.653715
7470000 0.660249
7480000 0.651684
7490000 0.647904
7500000 0.648322
7510000 0.659224
7520000 0.658453
7530000 0.657838
7540000 0.656688
7550000 0.664634
7560000 0.661058
7570000 0.658506
7580000 0.658474
7590000 0.654187
7600000 0.658003
7610000 0.658993
7620000 0.663001
7630000 0.655572
7640000 0.655852
7650000 0.664094
7660000 0.652073
7670000 0.656435
7680000 0.661408
7690000 0.66046
7700000 0.661341
7710000 0.663678
7720000 0.65702
7730000 0.668367
7740000 0.663355
7750000 0.659816
7760000 0.664793
7770000 0.667821
7780000 0.668608
7790000 0.665304
7800000 0.665405
7810000 0.663424
7820000 0.668489
7830000 0.669201
7840000 0.668961
7850000 0.671392
7860000 0.673744
7870000 0.680082
7880000 0.674059
7890000 0.677795
7900000 0.676652
7910000 0.669154
7920000 0.677664
7930000 0.676228
7940000 0.679685
7950000 0.675787
7960000 0.671468
7970000 0.678293
7980000 0.673276
7990000 0.681379
8000000 0.681032
8010000 0.685356
8020000 0.678254
8030000 0.685899
8040000 0.684554
8050000 0.680933
8060000 0.689962
8070000 0.687988
8080000 0.688831
8090000 0.680901
8100000 0.686059
8110000 0.680523
8120000 0.682102
8130000 0.67485
8140000 0.67511
8150000 0.682024
8160000 0.682564
8170000 0.687143
8180000 0.687192
8190000 0.688236
8200000 0.687538
8210000 0.689176
8220000 0.691102
8230000 0.682642
8240000 0.69001
8250000 0.685401
8260000 0.688047
8270000 0.689113
8280000 0.693899
8290000 0.696624
8300000 0.694606
8310000 0.698005
8320000 0.699633
8330000 0.701981
8340000 0.701421
8350000 0.694096
8360000 0.701795
8370000 0.699586
8380000 0.699038
8390000 0.698893
8400000 0.696298
8410000 0.70347
8420000 0.696695
8430000 0.703739
8440000 0.699537
8450000 0.70491
8460000 0.70325
8470000 0.70814
8480000 0.706491
8490000 0.710229
8500000 0.716213
8510000 0.71001
8520000 0.71422
8530000 0.709204
8540000 0.716286
8550000 0.714846
8560000 0.712413
8570000 0.708892
8580000 0.708613
8590000 0.713974
8600000 0.719216
8610000 0.719854
8620000 0.721779
8630000 0.723397
8640000 0.72385
8650000 0.725981
8660000 0.72537
8670000 0.720961
8680000 0.723268
8690000 0.729383
8700000 0.722435
8710000 0.729006
8720000 0.723519
8730000 0.722814
8740000 0.726566
8750000 0.722054
8760000 0.724552
8770000 0.724216
8780000 0.715379
8790000 0.722405
8800000 0.719905
8810000 0.722191
8820000 0.716124
8830000 0.729699
8840000 0.729266
8850000 0.728544
8860000 0.732564
8870000 0.718308
8880000 0.725948
8890000 0.730535
8900000 0.725823
8910000 0.727811
8920000 0.731125
8930000 0.72487
8940000 0.731888
8950000 0.731575
8960000 0.730742
8970000 0.725229
8980000 0.731742
8990000 0.728371
9000000 0.729767
9010000 0.722117
9020000 0.734937
9030000 0.727994
9040000 0.725024
9050000 0.724863
9060000 0.724033
9070000 0.728154
9080000 0.7306
9090000 0.729803
9100000 0.726856
9110000 0.738739
9120000 0.740184
9130000 0.738032
9140000 0.732662
9150000 0.734803
9160000 0.738253
9170000 0.740647
9180000 0.741869
9190000 0.743907
9200000 0.73891
9210000 0.742534
9220000 0.738394
9230000 0.740803
9240000 0.747883
9250000 0.747262
9260000 0.743443
9270000 0.736984
9280000 0.743137
9290000 0.742599
9300000 0.741325
9310000 0.73611
9320000 0.74929
9330000 0.741245
9340000 0.74272
9350000 0.733776
9360000 0.732297
9370000 0.744191
9380000 0.739868
9390000 0.734852
9400000 0.738343
9410000 0.737673
9420000 0.731605
9430000 0.736757
9440000 0.744064
9450000 0.744997
9460000 0.741886
9470000 0.745713
9480000 0.745079
9490000 0.749358
9500000 0.75469
9510000 0.749378
9520000 0.747392
9530000 0.744292
9540000 0.749175
9550000 0.743125
9560000 0.74569
9570000 0.744844
9580000 0.750894
9590000 0.747311
9600000 0.748464
9610000 0.744233
9620000 0.748777
9630000 0.749198
9640000 0.746216
9650000 0.753233
9660000 0.751164
9670000 0.748942
9680000 0.756455
9690000 0.750505
9700000 0.753356
9710000 0.753677
9720000 0.759247
9730000 0.763999
9740000 0.765916
9750000 0.756625
9760000 0.754194
9770000 0.759526
9780000 0.75934
9790000 0.752097
9800000 0.755214
9810000 0.753539
9820000 0.758758
9830000 0.758156
9840000 0.754321
9850000 0.757965
9860000 0.757816
9870000 0.758748
9880000 0.760931
9890000 0.758882
9900000 0.760425
9910000 0.761822
9920000 0.761371
9930000 0.762466
9940000 0.760146
9950000 0.763704
9960000 0.768991
9970000 0.762123
9980000 0.759449
9990000 0.766808
10000000 0.763294
10010000 0.759005
10020000 0.759278
10030000 0.76847
10040000 0.771861
10050000 0.764193
10060000 0.767252
10070000 0.76291
10080000 0.768368
10090000 0.763455
10100000 0.764957
10110000 0.765533
10120000 0.77188
10130000 0.772129
10140000 0.772531
10150000 0.772392
10160000 0.772026
10170000 0.769402
10180000 0.770112
10190000 0.767622
10200000 0.766873
10210000 0.771469
10220000 0.76828
10230000 0.768507
10240000 0.768454
10250000 0.769343
10260000 0.765843
10270000 0.772118
10280000 0.768515
10290000 0.766694
10300000 0.774304
10310000 0.774627
10320000 0.77653
10330000 0.772534
10340000 0.776234
10350000 0.776548
10360000 0.771647
10370000 0.769712
10380000 0.773597
10390000 0.773532
10400000 0.779682
10410000 0.777083
10420000 0.780437
10430000 0.783719
10440000 0.776982
10450000 0.776461
10460000 0.779555
10470000 0.780429
10480000 0.782574
10490000 0.778917
10500000 0.783278
10510000 0.777334
10520000 0.779358
10530000 0.775856
10540000 0.777723
10550000 0.781807
10560000 0.784216
10570000 0.780244
10580000 0.777268
10590000 0.7827
10600000 0.78045
10610000 0.782172
10620000 0.783658
10630000 0.78667
10640000 0.785702
10650000 0.782314
10660000 0.776705
10670000 0.778305
10680000 0.781447
10690000 0.785614
10700000 0.784315
10710000 0.785424
10720000 0.780286
10730000 0.785076
10740000 0.789599
10750000 0.785817
10760000 0.789841
10770000 0.786951
10780000 0.789365
10790000 0.785302
10800000 0.78772
10810000 0.786607
10820000 0.784797
10830000 0.781352
10840000 0.787799
10850000 0.789928
10860000 0.788977
10870000 0.787048
10880000 0.787705
10890000 0.787647
10900000 0.788036
10910000 0.787448
10920000 0.788583
10930000 0.791143
10940000 0.785169
10950000 0.790849
10960000 0.786521
10970000 0.794166
10980000 0.788949
10990000 0.795746
11000000 0.793381
11010000 0.794863
11020000 0.791182
11030000 0.796479
11040000 0.793736
11050000 0.79025
11060000 0.793155
11070000 0.794075
11080000 0.793699
11090000 0.793197
11100000 0.789016
11110000 0.795853
11120000 0.790946
11130000 0.793834
11140000 0.789793
11150000 0.790773
11160000 0.787407
11170000 0.793457
11180000 0.791698
11190000 0.79126
11200000 0.793331
11210000 0.790918
11220000 0.793434
11230000 0.791064
11240000 0.79796
11250000 0.789105
11260000 0.796723
11270000 0.7986
11280000 0.797578
11290000 0.801005
11300000 0.803152
11310000 0.793813
11320000 0.798957
11330000 0.801596
11340000 0.798179
11350000 0.799259
11360000 0.796648
11370000 0.792782
11380000 0.792003
11390000 0.793359
11400000 0.790007
11410000 0.794813
11420000 0.7995
11430000 0.797317
11440000 0.792578
11450000 0.797599
11460000 0.80126
11470000 0.795642
11480000 0.798873
11490000 0.80186
11500000 0.801085
11510000 0.803202
11520000 0.799592
11530000 0.800865
11540000 0.803709
11550000 0.796677
11560000 0.800625
11570000 0.795746
11580000 0.801664
11590000 0.792808
11600000 0.788955
11610000 0.794337
11620000 0.785069
11630000 0.792135
11640000 0.790205
11650000 0.794421
11660000 0.795845
11670000 0.802731
11680000 0.80025
11690000 0.799119
11700000 0.80156
11710000 0.800894
11720000 0.796944
11730000 0.799435
11740000 0.795078
11750000 0.797861
11760000 0.792049
11770000 0.801244
11780000 0.797065
11790000 0.797886
11800000 0.79814
11810000 0.79771
11820000 0.797107
11830000 0.797347
11840000 0.801517
11850000 0.804637
11860000 0.794996
11870000 0.798949
11880000 0.798306
11890000 0.801081
11900000 0.801335
11910000 0.800335
11920000 0.797991
11930000 0.798476
11940000 0.79453
11950000 0.798021
11960000 0.799157
11970000 0.794889
11980000 0.799859
11990000 0.799744
12000000 0.802808
12010000 0.800435
12020000 0.803417
12030000 0.805273
12040000 0.797758
12050000 0.794245
12060000 0.79395
12070000 0.800249
12080000 0.796009
12090000 0.791893
12100000 0.799583
12110000 0.797767
12120000 0.79783
12130000 0.801671
12140000 0.80065
12150000 0.802766
12160000 0.802177
12170000 0.800368
12180000 0.800021
12190000 0.798271
12200000 0.803885
12210000 0.803737
12220000 0.80234
12230000 0.808678
12240000 0.803522
12250000 0.809206
12260000 0.811672
12270000 0.80793
12280000 0.810086
12290000 0.812481
12300000 0.80847
12310000 0.806463
12320000 0.812463
12330000 0.805644
12340000 0.803507
12350000 0.806821
12360000 0.804618
12370000 0.806245
12380000 0.812214
12390000 0.808788
12400000 0.809184
12410000 0.805519
12420000 0.815536
12430000 0.809673
12440000 0.806487
12450000 0.811949
12460000 0.804442
12470000 0.81051
12480000 0.80626
12490000 0.809995
12500000 0.80797
12510000 0.806501
12520000 0.80229
12530000 0.80371
12540000 0.80483
12550000 0.804345
12560000 0.804845
12570000 0.800303
12580000 0.799418
12590000 0.802976
12600000 0.80977
12610000 0.811384
12620000 0.809504
12630000 0.806453
12640000 0.805354
12650000 0.810327
12660000 0.807889
12670000 0.809288
12680000 0.813747
12690000 0.809263
12700000 0.810514
12710000 0.811802
12720000 0.813092
12730000 0.81169
12740000 0.80678
12750000 0.806854
12760000 0.810641
12770000 0.806264
12780000 0.81111
12790000 0.808672
12800000 0.810859
12810000 0.80955
12820000 0.817069
12830000 0.811479
12840000 0.813121
12850000 0.81142
12860000 0.814463
12870000 0.811045
12880000 0.809889
12890000 0.817275
12900000 0.807965
12910000 0.811555
12920000 0.807912
12930000 0.81381
12940000 0.811098
12950000 0.812602
12960000 0.812528
12970000 0.808662
12980000 0.817161
12990000 0.819587
13000000 0.812787
13010000 0.809886
13020000 0.808892
13030000 0.813178
13040000 0.811746
13050000 0.810852
13060000 0.814194
13070000 0.813452
13080000 0.813743
13090000 0.816614
13100000 0.815388
13110000 0.821211
13120000 0.818506
13130000 0.817713
13140000 0.817131
13150000 0.81205
13160000 0.8197
13170000 0.815972
13180000 0.81896
13190000 0.819936
13200000 0.815493
13210000 0.820941
13220000 0.817077
13230000 0.813276
13240000 0.814265
13250000 0.812447
13260000 0.816083
13270000 0.818299
13280000 0.815601
13290000 0.814173
13300000 0.818267
13310000 0.81685
13320000 0.813516
13330000 0.817299
13340000 0.817888
13350000 0.819798
13360000 0.818136
13370000 0.822083
13380000 0.8139
13390000 0.818005
13400000 0.816026
13410000 0.817276
13420000 0.816624
13430000 0.817726
13440000 0.812782
13450000 0.817456
13460000 0.82073
13470000 0.811567
13480000 0.816743
13490000 0.819769
13500000 0.815944
13510000 0.81456
13520000 0.818029
13530000 0.818209
13540000 0.821982
13550000 0.815529
13560000 0.820832
13570000 0.81708
13580000 0.82131
13590000 0.820444
13600000 0.817132
13610000 0.817485
13620000 0.81826
13630000 0.815677
13640000 0.815513
13650000 0.814982
13660000 0.817654
13670000 0.817676
13680000 0.820435
13690000 0.81849
13700000 0.816285
13710000 0.821786
13720000 0.820873
13730000 0.817385
13740000 0.825413
13750000 0.822099
13760000 0.819044
13770000 0.827199
13780000 0.816353
13790000 0.817361
13800000 0.819586
13810000 0.821923
13820000 0.817276
13830000 0.8199
13840000 0.817018
13850000 0.823903
13860000 0.823818
13870000 0.81916
13880000 0.820792
13890000 0.815868
13900000 0.820445
13910000 0.821546
13920000 0.82491
13930000 0.821479
13940000 0.825689
13950000 0.82426
13960000 0.823714
13970000 0.818187
13980000 0.82368
13990000 0.821885
14000000 0.822988
14010000 0.818028
14020000 0.828414
14030000 0.825326
14040000 0.818568
14050000 0.822863
14060000 0.820989
14070000 0.82021
14080000 0.820977
14090000 0.822999
14100000 0.824045
14110000 0.823504
14120000 0.822094
14130000 0.820773
14140000 0.818873
14150000 0.819203
14160000 0.822639
14170000 0.821354
14180000 0.829484
14190000 0.825669
14200000 0.827757
14210000 0.826104
14220000 0.830423
14230000 0.828137
14240000 0.824288
14250000 0.826114
14260000 0.821168
14270000 0.828157
14280000 0.821875
14290000 0.821144
14300000 0.825593
14310000 0.828331
14320000 0.82577
14330000 0.824426
14340000 0.824439
14350000 0.824089
14360000 0.825869
14370000 0.824399
14380000 0.820999
14390000 0.824402
14400000 0.822078
14410000 0.819386
14420000 0.823228
14430000 0.824394
14440000 0.817127
14450000 0.816435
14460000 0.819203
14470000 0.818407
14480000 0.822531
14490000 0.823032
14500000 0.825424
14510000 0.823437
14520000 0.82607
14530000 0.823093
14540000 0.830615
14550000 0.82434
14560000 0.828733
14570000 0.825753
14580000 0.830914
14590000 0.83109
14600000 0.829591
14610000 0.83055
14620000 0.830545
14630000 0.828769
14640000 0.831994
14650000 0.829792
14660000 0.824668
14670000 0.833043
14680000 0.831004
14690000 0.831175
14700000 0.823565
14710000 0.826639
14720000 0.830705
14730000 0.832308
14740000 0.830391
14750000 0.836056
14760000 0.830905
14770000 0.829806
14780000 0.830067
14790000 0.83197
14800000 0.832157
14810000 0.832423
14820000 0.826804
14830000 0.831617
14840000 0.837386
14850000 0.83603
14860000 0.829741
14870000 0.828482
14880000 0.830958
14890000 0.838496
14900000 0.833224
14910000 0.838156
14920000 0.834934
14930000 0.834667
14940000 0.838106
14950000 0.832439
14960000 0.830635
14970000 0.83629
14980000 0.828725
14990000 0.835074
15000000 0.828666
15010000 0.829921
15020000 0.830191
15030000 0.831519
15040000 0.834826
15050000 0.832557
15060000 0.834612
15070000 0.832269
15080000 0.83081
15090000 0.829177
15100000 0.831779
15110000 0.834295
15120000 0.831433
15130000 0.830026
15140000 0.829842
15150000 0.831387
15160000 0.829123
15170000 0.830883
15180000 0.832148
15190000 0.832567
15200000 0.833341
15210000 0.830302
15220000 0.8319
15230000 0.827865
15240000 0.827999
15250000 0.831369
15260000 0.828225
15270000 0.829186
15280000 0.827211
15290000 0.837124
15300000 0.822469
15310000 0.830507
15320000 0.826792
15330000 0.837975
15340000 0.831059
15350000 0.831665
15360000 0.830892
15370000 0.836871
15380000 0.834553
15390000 0.834301
15400000 0.828024
15410000 0.833517
15420000 0.835217
15430000 0.832903
15440000 0.837394
15450000 0.830978
15460000 0.837247
15470000 0.83467
15480000 0.835942
15490000 0.836142
15500000 0.838187
15510000 0.835206
15520000 0.836432
15530000 0.836316
15540000 0.83383
15550000 0.834328
15560000 0.833748
15570000 0.839722
15580000 0.837986
15590000 0.834404
15600000 0.841153
15610000 0.83618
15620000 0.835275
15630000 0.836498
15640000 0.835217
15650000 0.836736
15660000 0.836389
15670000 0.835348
15680000 0.83849
15690000 0.839264
15700000 0.836615
15710000 0.835182
15720000 0.836901
15730000 0.835549
15740000 0.828626
15750000 0.835607
15760000 0.833192
15770000 0.84022
15780000 0.841225
15790000 0.836921
15800000 0.839795
15810000 0.838503
15820000 0.834367
15830000 0.840289
15840000 0.836489
15850000 0.83509
15860000 0.83277
15870000 0.834942
15880000 0.841029
15890000 0.836196
15900000 0.828262
15910000 0.832649
15920000 0.833322
15930000 0.832759
15940000 0.835403
15950000 0.836265
15960000 0.838338
15970000 0.837973
15980000 0.837986
15990000 0.83802
16000000 0.839875
16010000 0.83219
16020000 0.838365
16030000 0.838093
16040000 0.838404
16050000 0.839228
16060000 0.836664
16070000 0.833584
16080000 0.844428
16090000 0.842929
16100000 0.839095
16110000 0.836198
16120000 0.839766
16130000 0.841113
16140000 0.838783
16150000 0.843071
16160000 0.843576
16170000 0.841071
16180000 0.841588
16190000 0.837438
16200000 0.840592
16210000 0.83986
16220000 0.8411
16230000 0.837945
16240000 0.840258
16250000 0.832814
16260000 0.836467
16270000 0.840632
16280000 0.839373
16290000 0.840129
16300000 0.829756
16310000 0.835163
16320000 0.8344
16330000 0.840129
16340000 0.844845
16350000 0.841199
16360000 0.839483
16370000 0.844595
16380000 0.83817
16390000 0.844851
16400000 0.843018
16410000 0.84114
16420000 0.841018
16430000 0.842487
16440000 0.836524
16450000 0.839512
16460000 0.841126
16470000 0.837148
16480000 0.840223
16490000 0.843117
16500000 0.838795
16510000 0.844769
16520000 0.840744
16530000 0.843467
16540000 0.840612
16550000 0.837382
16560000 0.838335
16570000 0.837088
16580000 0.839282
16590000 0.835624
16600000 0.839101
16610000 0.836334
16620000 0.839455
16630000 0.840271
16640000 0.842744
16650000 0.838991
16660000 0.847178
16670000 0.839844
16680000 0.838063
16690000 0.840214
16700000 0.838213
16710000 0.838561
16720000 0.838129
16730000 0.84241
16740000 0.83785
16750000 0.840056
16760000 0.841346
16770000 0.84146
16780000 0.841844
16790000 0.839387
16800000 0.842003
16810000 0.834493
16820000 0.836992
16830000 0.83617
16840000 0.837677
16850000 0.83931
16860000 0.840419
16870000 0.839556
16880000 0.838596
16890000 0.841365
16900000 0.83593
16910000 0.839365
16920000 0.839663
16930000 0.839512
16940000 0.841134
16950000 0.838581
16960000 0.841326
16970000 0.842751
16980000 0.842114
16990000 0.839676
17000000 0.840962
17010000 0.841516
17020000 0.843145
17030000 0.846181
17040000 0.841647
17050000 0.846022
17060000 0.844095
17070000 0.846494
17080000 0.843129
17090000 0.845466
17100000 0.843637
17110000 0.848083
17120000 0.849421
17130000 0.852157
17140000 0.849215
17150000 0.84945
17160000 0.845904
17170000 0.84684
17180000 0.841502
17190000 0.851188
17200000 0.850111
17210000 0.844537
17220000 0.848252
17230000 0.846999
17240000 0.844643
17250000 0.845159
17260000 0.844416
17270000 0.841234
17280000 0.846647
17290000 0.848142
17300000 0.850904
17310000 0.843302
17320000 0.844963
17330000 0.845671
17340000 0.847406
17350000 0.845586
17360000 0.845594
17370000 0.847891
17380000 0.845037
17390000 0.844474
17400000 0.841544
17410000 0.841761
17420000 0.845487
17430000 0.843452
17440000 0.838083
17450000 0.841189
17460000 0.841541
17470000 0.844479
17480000 0.845605
17490000 0.842757
17500000 0.848364
17510000 0.845613
17520000 0.846549
17530000 0.845719
17540000 0.848024
17550000 0.843793
17560000 0.849794
17570000 0.844768
17580000 0.845009
17590000 0.845354
17600000 0.845191
17610000 0.841793
17620000 0.841331
17630000 0.840908
17640000 0.847668
17650000 0.841035
17660000 0.844871
17670000 0.842878
17680000 0.846813
17690000 0.84351
17700000 0.838992
17710000 0.844155
17720000 0.847812
17730000 0.852082
17740000 0.845973
17750000 0.845063
17760000 0.849614
17770000 0.846543
17780000 0.851213
17790000 0.848754
17800000 0.854412
17810000 0.846137
17820000 0.850799
17830000 0.85184
17840000 0.850856
17850000 0.856115
17860000 0.852873
17870000 0.850968
17880000 0.852406
17890000 0.85587
17900000 0.852951
17910000 0.854949
17920000 0.849758
17930000 0.850449
17940000 0.852128
17950000 0.848131
17960000 0.852982
17970000 0.849464
17980000 0.854308
17990000 0.854065
18000000 0.854289
18010000 0.848632
18020000 0.857432
18030000 0.856341
18040000 0.855708
18050000 0.849388
18060000 0.849097
18070000 0.844646
18080000 0.847281
18090000 0.842706
18100000 0.846819
18110000 0.847461
18120000 0.847481
18130000 0.849104
18140000 0.846813
18150000 0.851771
18160000 0.851258
18170000 0.848291
18180000 0.84853
18190000 0.847804
18200000 0.854557
18210000 0.852261
18220000 0.851377
18230000 0.851451
18240000 0.851692
18250000 0.84824
18260000 0.850562
18270000 0.848997
18280000 0.854485
18290000 0.850669
18300000 0.855756
18310000 0.851968
18320000 0.851035
18330000 0.847135
18340000 0.852103
18350000 0.849791
18360000 0.849551
18370000 0.854627
18380000 0.85513
18390000 0.844211
18400000 0.846017
18410000 0.849082
18420000 0.853476
18430000 0.851271
18440000 0.85759
18450000 0.846485
18460000 0.854015
18470000 0.85434
18480000 0.854117
18490000 0.848753
18500000 0.850531
18510000 0.85903
18520000 0.856757
18530000 0.854429
18540000 0.853305
18550000 0.853452
18560000 0.858784
18570000 0.851536
18580000 0.848228
18590000 0.848315
18600000 0.848354
18610000 0.849341
18620000 0.851315
18630000 0.845461
18640000 0.847474
18650000 0.852521
18660000 0.849032
18670000 0.853006
18680000 0.852828
18690000 0.851134
18700000 0.854802
18710000 0.846365
18720000 0.846517
18730000 0.848359
18740000 0.847827
18750000 0.849016
18760000 0.851251
18770000 0.849842
18780000 0.849108
18790000 0.850661
18800000 0.850438
18810000 0.853048
18820000 0.850892
18830000 0.852918
18840000 0.85737
18850000 0.851584
18860000 0.851974
18870000 0.851265
18880000 0.852381
18890000 0.849582
18900000 0.852829
18910000 0.853103
18920000 0.84841
18930000 0.849536
18940000 0.852815
18950000 0.852127
18960000 0.847247
18970000 0.850896
18980000 0.850691
18990000 0.848735
19000000 0.848907
19010000 0.84893
19020000 0.850139
19030000 0.847333
19040000 0.854001
19050000 0.852413
19060000 0.85406
19070000 0.854845
19080000 0.854889
19090000 0.852529
19100000 0.85405
19110000 0.857969
19120000 0.852131
19130000 0.853552
19140000 0.855559
19150000 0.848222
19160000 0.850775
19170000 0.853045
19180000 0.852877
19190000 0.853825
19200000 0.85478
19210000 0.85359
19220000 0.85389
19230000 0.85359
19240000 0.852886
19250000 0.850613
19260000 0.849113
19270000 0.8532
19280000 0.849321
19290000 0.852582
19300000 0.851278
19310000 0.854936
19320000 0.850928
19330000 0.856942
19340000 0.854351
19350000 0.851081
19360000 0.848448
19370000 0.857163
19380000 0.854
19390000 0.850726
19400000 0.850324
19410000 0.85195
19420000 0.85164
19430000 0.848819
19440000 0.855001
19450000 0.852422
19460000 0.851578
19470000 0.850621
19480000 0.852394
19490000 0.850978
19500000 0.852709
19510000 0.850087
19520000 0.857696
19530000 0.851789
19540000 0.849131
19550000 0.850666
19560000 0.848564
19570000 0.852138
19580000 0.848926
19590000 0.850904
19600000 0.852091
19610000 0.853269
19620000 0.855816
19630000 0.848621
19640000 0.85029
19650000 0.852491
19660000 0.846373
19670000 0.852125
19680000 0.857851
19690000 0.853433
19700000 0.85098
19710000 0.851385
19720000 0.852441
19730000 0.84969
19740000 0.851641
19750000 0.852649
19760000 0.852319
19770000 0.852934
19780000 0.852138
19790000 0.854633
19800000 0.852299
19810000 0.85196
19820000 0.852975
19830000 0.851283
19840000 0.853413
19850000 0.85107
19860000 0.856468
19870000 0.856795
19880000 0.85442
19890000 0.855719
19900000 0.856445
19910000 0.859675
19920000 0.858536
19930000 0.859301
19940000 0.860662
19950000 0.861372
19960000 0.855801
19970000 0.854603
19980000 0.854938
19990000 0.85766
20000000 0.85858
